%YAML:1.0
letter: 97
mat: !!opencv-matrix
   rows: 1
   cols: 256
   dt: u
   data: [ 0, 0, 0, 0, 0, 0, 0, 56, 0, 0, 0, 0, 0, 0, 0, 0, 0, 0, 0, 0,
       255, 255, 40, 255, 255, 0, 0, 0, 0, 0, 0, 255, 0, 152, 255, 255,
       0, 255, 255, 255, 255, 255, 255, 0, 0, 0, 255, 255, 0, 88, 146,
       255, 255, 255, 255, 255, 255, 255, 255, 0, 0, 255, 255, 149, 0,
       255, 255, 255, 255, 255, 255, 255, 255, 255, 255, 0, 255, 255,
       255, 0, 0, 255, 104, 255, 247, 255, 255, 180, 255, 255, 255, 255,
       255, 255, 0, 0, 0, 255, 215, 255, 255, 255, 255, 255, 255, 255,
       255, 255, 255, 255, 0, 0, 0, 255, 255, 119, 183, 255, 29, 255,
       183, 255, 255, 255, 255, 0, 0, 0, 0, 255, 255, 217, 0, 255, 166,
       255, 123, 255, 255, 255, 255, 0, 0, 0, 0, 0, 0, 0, 0, 0, 0, 255,
       255, 255, 255, 208, 0, 0, 0, 0, 0, 0, 0, 0, 0, 0, 0, 151, 255,
       151, 104, 0, 0, 0, 0, 0, 0, 0, 0, 0, 0, 0, 0, 0, 0, 0, 0, 0, 0, 0,
       0, 0, 0, 0, 0, 0, 0, 0, 0, 0, 0, 0, 0, 0, 0, 0, 0, 0, 0, 0, 0, 0,
       0, 0, 0, 0, 0, 0, 0, 0, 0, 0, 0, 0, 0, 0, 0, 0, 0, 0, 0, 0, 0, 0,
       0, 0, 0, 0, 0, 0, 0, 0, 0, 0, 0, 0, 0, 0, 0, 0, 0, 0, 0, 0, 0, 0 ]
