%YAML:1.0
letter: 97
mat: !!opencv-matrix
   rows: 1
   cols: 256
   dt: u
   data: [ 0, 0, 0, 0, 0, 0, 0, 0, 0, 0, 0, 0, 0, 0, 0, 0, 0, 0, 0, 0, 0,
       0, 0, 0, 0, 0, 0, 0, 0, 0, 0, 0, 0, 0, 0, 0, 0, 0, 0, 0, 0, 0, 0,
       255, 95, 0, 0, 0, 0, 0, 0, 0, 0, 0, 96, 255, 255, 96, 255, 255,
       155, 0, 0, 0, 0, 0, 0, 0, 255, 255, 255, 255, 255, 255, 255, 255,
       255, 0, 0, 0, 0, 0, 0, 255, 255, 255, 255, 255, 255, 255, 255,
       255, 255, 0, 0, 0, 0, 0, 0, 255, 255, 255, 255, 255, 255, 255,
       255, 255, 255, 0, 0, 0, 0, 0, 0, 255, 255, 255, 255, 255, 255,
       255, 255, 255, 255, 0, 0, 0, 0, 0, 0, 255, 255, 255, 255, 0, 255,
       255, 255, 255, 255, 0, 0, 0, 0, 0, 0, 255, 255, 255, 255, 255,
       255, 255, 255, 255, 0, 0, 0, 0, 0, 0, 0, 255, 255, 255, 255, 255,
       255, 255, 255, 0, 0, 0, 0, 0, 0, 0, 0, 255, 255, 255, 255, 255,
       159, 255, 0, 0, 0, 0, 0, 0, 0, 0, 0, 255, 255, 255, 255, 255, 255,
       0, 0, 0, 0, 0, 0, 0, 0, 0, 0, 0, 0, 227, 255, 255, 12, 0, 0, 0, 0,
       0, 0, 0, 0, 0, 0, 0, 0, 0, 0, 0, 0, 0, 0, 0, 0, 0, 0, 0, 0, 0, 0,
       0, 0, 0, 0, 0, 0, 0, 0, 0, 0, 0, 0, 0 ]
