%YAML:1.0
letter: 97
mat: !!opencv-matrix
   rows: 1
   cols: 256
   dt: u
   data: [ 0, 0, 0, 0, 0, 0, 0, 0, 0, 0, 0, 0, 0, 252, 91, 0, 0, 0, 0, 0,
       112, 0, 81, 255, 0, 0, 0, 0, 35, 255, 63, 0, 0, 255, 255, 0, 255,
       255, 134, 255, 255, 255, 255, 0, 255, 255, 0, 0, 0, 45, 255, 255,
       255, 255, 255, 255, 255, 255, 255, 255, 255, 255, 255, 0, 0, 0,
       255, 255, 255, 255, 255, 255, 255, 255, 255, 255, 255, 255, 210,
       0, 207, 143, 255, 255, 255, 255, 255, 255, 255, 255, 255, 255,
       255, 255, 0, 0, 0, 255, 255, 255, 255, 255, 255, 255, 255, 255,
       255, 255, 255, 255, 0, 0, 207, 255, 255, 255, 255, 255, 255, 255,
       255, 255, 255, 255, 255, 255, 0, 0, 39, 255, 255, 255, 255, 255,
       255, 255, 9, 255, 255, 255, 255, 255, 0, 0, 0, 255, 255, 0, 255,
       143, 63, 255, 255, 255, 255, 255, 255, 0, 0, 0, 0, 0, 0, 0, 0, 0,
       0, 255, 255, 255, 255, 255, 0, 0, 0, 0, 0, 0, 0, 0, 0, 0, 0, 255,
       255, 255, 255, 0, 0, 0, 0, 0, 0, 0, 0, 0, 0, 0, 0, 0, 0, 77, 0, 0,
       0, 0, 0, 0, 0, 0, 0, 0, 0, 0, 0, 0, 0, 0, 0, 0, 0, 0, 0, 0, 0, 0,
       0, 0, 0, 0, 0, 0, 0, 0, 0, 0, 0, 0, 0, 0, 0, 0, 0, 0, 0, 0, 0, 0,
       0, 0, 0, 0, 0, 0, 0, 0 ]
