%YAML:1.0
letter: 97
mat: !!opencv-matrix
   rows: 1
   cols: 256
   dt: u
   data: [ 0, 0, 0, 0, 0, 0, 0, 0, 0, 0, 0, 0, 0, 0, 0, 0, 0, 0, 0, 0, 0,
       0, 0, 0, 0, 0, 0, 0, 0, 0, 0, 0, 0, 0, 0, 0, 0, 0, 0, 0, 0, 0, 0,
       255, 0, 0, 0, 0, 0, 0, 0, 0, 0, 0, 0, 239, 239, 0, 255, 255, 0, 0,
       0, 0, 0, 0, 0, 0, 255, 255, 255, 255, 255, 255, 255, 255, 255, 0,
       0, 0, 0, 0, 0, 255, 255, 255, 255, 255, 255, 255, 255, 255, 239,
       0, 0, 0, 0, 0, 207, 244, 175, 255, 255, 255, 255, 255, 255, 255,
       239, 0, 0, 0, 0, 0, 0, 255, 255, 255, 255, 255, 255, 255, 255,
       255, 239, 0, 0, 0, 0, 0, 0, 255, 255, 255, 255, 255, 255, 255,
       255, 255, 0, 0, 0, 0, 0, 0, 0, 255, 255, 255, 0, 255, 255, 255,
       255, 255, 0, 0, 0, 0, 0, 0, 0, 252, 255, 48, 255, 255, 255, 255,
       255, 0, 0, 0, 0, 0, 0, 0, 0, 0, 255, 255, 0, 0, 255, 255, 0, 0, 0,
       0, 0, 0, 0, 0, 0, 255, 255, 255, 255, 255, 255, 0, 0, 0, 0, 0, 0,
       0, 0, 0, 0, 0, 0, 0, 207, 255, 255, 0, 0, 0, 0, 0, 0, 0, 0, 0, 0,
       0, 0, 0, 0, 0, 0, 0, 0, 0, 0, 0, 0, 0, 0, 0, 0, 0, 0, 0, 0, 0, 0,
       0, 0, 0, 0, 0, 0, 0 ]
