%YAML:1.0
letter: 97
mat: !!opencv-matrix
   rows: 1
   cols: 256
   dt: u
   data: [ 0, 0, 0, 0, 0, 0, 0, 0, 0, 0, 0, 0, 0, 0, 0, 0, 0, 0, 0, 0, 0,
       0, 0, 0, 0, 0, 0, 0, 0, 0, 0, 0, 0, 0, 0, 0, 222, 255, 6, 255,
       255, 0, 0, 0, 0, 255, 255, 255, 0, 0, 250, 255, 0, 255, 255, 255,
       255, 255, 255, 255, 255, 255, 255, 0, 0, 0, 0, 255, 0, 255, 255,
       255, 255, 255, 255, 255, 255, 255, 0, 0, 0, 255, 16, 255, 103,
       255, 255, 255, 255, 255, 255, 255, 255, 255, 0, 0, 0, 255, 255,
       255, 0, 255, 247, 255, 255, 255, 255, 255, 255, 0, 0, 0, 0, 255,
       255, 255, 88, 255, 255, 255, 255, 255, 255, 255, 255, 0, 0, 0, 0,
       255, 255, 231, 0, 255, 88, 255, 255, 255, 255, 255, 255, 0, 0, 0,
       0, 255, 255, 255, 255, 247, 8, 255, 255, 255, 255, 255, 0, 0, 0,
       0, 0, 0, 0, 183, 0, 132, 0, 72, 255, 255, 255, 0, 0, 0, 0, 0, 0,
       0, 0, 0, 0, 0, 5, 255, 255, 255, 255, 0, 0, 0, 0, 0, 0, 0, 0, 0,
       0, 0, 0, 0, 0, 248, 0, 0, 0, 0, 0, 0, 0, 0, 0, 0, 0, 0, 0, 0, 0,
       0, 0, 0, 0, 0, 0, 0, 0, 0, 0, 0, 0, 0, 0, 0, 0, 0, 0, 0, 0, 0, 0,
       0, 0, 0, 0, 0, 0, 0, 0, 0, 0, 0, 0, 0, 0, 0, 0, 0 ]
