%YAML:1.0
letter: 97
mat: !!opencv-matrix
   rows: 1
   cols: 256
   dt: u
   data: [ 0, 0, 0, 0, 0, 0, 0, 0, 0, 0, 0, 0, 0, 0, 0, 0, 0, 0, 0, 0, 0,
       0, 60, 255, 0, 0, 0, 0, 0, 0, 255, 84, 0, 60, 96, 0, 255, 255,
       255, 255, 255, 255, 255, 0, 0, 255, 255, 0, 0, 0, 255, 0, 255,
       255, 255, 255, 255, 255, 255, 0, 223, 255, 255, 0, 0, 12, 255, 0,
       255, 255, 255, 255, 255, 255, 255, 0, 255, 255, 255, 0, 0, 255,
       255, 0, 255, 255, 255, 255, 255, 255, 255, 32, 255, 255, 0, 0, 0,
       255, 255, 223, 255, 255, 155, 255, 255, 255, 255, 255, 255, 255,
       0, 0, 255, 255, 255, 195, 255, 255, 255, 255, 255, 255, 255, 255,
       255, 255, 0, 0, 0, 255, 95, 0, 255, 255, 255, 255, 255, 255, 255,
       255, 255, 0, 0, 0, 0, 0, 255, 32, 0, 195, 255, 255, 159, 255, 255,
       255, 96, 0, 0, 0, 0, 0, 0, 0, 0, 255, 0, 32, 255, 255, 255, 0, 0,
       0, 0, 0, 0, 0, 0, 0, 0, 0, 0, 0, 255, 255, 0, 0, 0, 0, 0, 0, 0, 0,
       0, 0, 0, 0, 0, 0, 0, 0, 0, 0, 0, 0, 0, 0, 0, 0, 0, 0, 0, 0, 0, 0,
       0, 0, 0, 0, 0, 0, 0, 0, 0, 0, 0, 0, 0, 0, 0, 0, 0, 0, 0, 0, 0, 0,
       0, 0, 0, 0, 0, 0, 0, 0, 0, 0, 0, 0, 0, 0, 0, 0, 0, 0 ]
