%YAML:1.0
letter: 97
mat: !!opencv-matrix
   rows: 1
   cols: 256
   dt: u
   data: [ 0, 0, 0, 0, 0, 0, 0, 0, 0, 0, 0, 0, 0, 0, 0, 0, 0, 0, 0, 0, 0,
       0, 0, 239, 0, 0, 0, 0, 0, 0, 0, 75, 0, 0, 255, 0, 255, 255, 255,
       255, 255, 248, 255, 0, 0, 255, 255, 156, 0, 0, 0, 255, 48, 255,
       255, 255, 255, 255, 255, 255, 255, 255, 255, 0, 0, 207, 255, 255,
       255, 255, 255, 255, 255, 255, 255, 207, 255, 255, 0, 0, 0, 255,
       174, 255, 255, 255, 255, 255, 255, 255, 255, 164, 255, 255, 0, 0,
       0, 255, 255, 255, 61, 255, 255, 255, 255, 255, 255, 255, 255, 134,
       0, 0, 0, 255, 255, 255, 207, 255, 255, 255, 255, 255, 255, 255,
       255, 0, 0, 0, 0, 255, 255, 255, 0, 255, 0, 255, 255, 255, 255,
       255, 255, 0, 0, 0, 0, 0, 255, 255, 252, 255, 1, 255, 255, 255,
       255, 255, 0, 0, 0, 0, 0, 0, 0, 0, 91, 0, 246, 255, 255, 255, 255,
       0, 0, 0, 0, 0, 0, 0, 0, 0, 0, 0, 0, 255, 255, 255, 0, 0, 0, 0, 0,
       0, 0, 0, 0, 0, 0, 0, 0, 0, 0, 0, 0, 0, 0, 0, 0, 0, 0, 0, 0, 0, 0,
       0, 0, 0, 0, 0, 0, 0, 0, 0, 0, 0, 0, 0, 0, 0, 0, 0, 0, 0, 0, 0, 0,
       0, 0, 0, 0, 0, 0, 0, 0, 0, 0, 0, 0, 0, 0, 0, 0, 0, 0, 0, 0, 0 ]
