%YAML:1.0
letter: 97
mat: !!opencv-matrix
   rows: 1
   cols: 256
   dt: u
   data: [ 0, 0, 0, 0, 0, 0, 0, 0, 0, 0, 0, 0, 0, 0, 0, 0, 0, 0, 0, 0, 0,
       0, 0, 0, 0, 0, 0, 0, 0, 0, 0, 0, 0, 0, 0, 0, 0, 0, 0, 255, 255,
       255, 0, 0, 0, 0, 0, 0, 0, 0, 0, 255, 255, 255, 255, 255, 255, 255,
       255, 0, 0, 0, 255, 0, 0, 0, 0, 255, 255, 255, 255, 255, 255, 255,
       255, 167, 0, 255, 255, 0, 0, 0, 8, 255, 255, 255, 255, 255, 255,
       255, 255, 0, 19, 255, 255, 0, 0, 0, 8, 255, 255, 255, 255, 255,
       255, 255, 255, 255, 255, 255, 0, 0, 0, 0, 8, 255, 255, 255, 255,
       255, 233, 255, 255, 255, 255, 255, 0, 0, 0, 0, 8, 255, 255, 255,
       0, 255, 255, 255, 255, 255, 255, 0, 0, 0, 0, 0, 2, 255, 255, 72,
       0, 255, 255, 255, 255, 255, 0, 0, 0, 0, 0, 0, 8, 255, 255, 255,
       217, 255, 255, 255, 120, 0, 0, 0, 0, 0, 0, 0, 8, 255, 255, 255,
       255, 255, 255, 0, 0, 0, 0, 0, 0, 0, 0, 0, 0, 0, 0, 0, 215, 255, 0,
       0, 0, 0, 0, 0, 0, 0, 0, 0, 0, 0, 0, 0, 0, 0, 0, 0, 0, 0, 0, 0, 0,
       0, 0, 0, 0, 0, 0, 0, 0, 0, 0, 0, 0, 0, 0, 0, 0, 0, 0, 0, 0, 0, 0,
       0, 0, 0, 0, 0, 0, 0, 0, 0, 0, 0 ]
