%YAML:1.0
letter: 97
mat: !!opencv-matrix
   rows: 1
   cols: 256
   dt: u
   data: [ 0, 0, 0, 0, 0, 0, 0, 0, 0, 0, 0, 0, 0, 0, 0, 0, 0, 0, 0, 0, 0,
       0, 0, 0, 0, 0, 0, 0, 0, 255, 0, 0, 0, 0, 0, 0, 255, 255, 219, 255,
       255, 0, 0, 0, 255, 255, 0, 0, 0, 255, 255, 0, 255, 255, 12, 255,
       255, 255, 255, 255, 255, 255, 0, 0, 0, 0, 255, 255, 255, 255, 255,
       255, 255, 255, 255, 255, 255, 255, 0, 0, 0, 96, 255, 235, 255,
       255, 255, 255, 255, 255, 255, 96, 255, 255, 0, 0, 0, 255, 255,
       255, 139, 255, 255, 255, 255, 255, 255, 255, 255, 255, 0, 0, 195,
       255, 151, 255, 255, 255, 255, 255, 251, 255, 255, 255, 255, 95, 0,
       0, 0, 255, 171, 28, 255, 255, 255, 255, 255, 255, 255, 255, 255,
       95, 0, 0, 0, 255, 255, 139, 255, 255, 0, 255, 255, 255, 255, 255,
       255, 0, 0, 0, 0, 0, 195, 255, 0, 255, 255, 255, 115, 255, 255,
       255, 0, 0, 0, 0, 0, 0, 0, 0, 0, 0, 0, 0, 251, 255, 255, 0, 0, 0,
       0, 0, 0, 0, 0, 0, 0, 0, 0, 0, 255, 255, 171, 0, 0, 0, 0, 0, 0, 0,
       0, 0, 0, 0, 0, 0, 0, 0, 0, 0, 0, 0, 0, 0, 0, 0, 0, 0, 0, 0, 0, 0,
       0, 0, 0, 0, 0, 0, 0, 0, 0, 0, 0, 0, 0, 0, 0, 0, 0, 0, 0, 0, 0, 0,
       0, 0 ]
