%YAML:1.0
letter: 97
mat: !!opencv-matrix
   rows: 1
   cols: 256
   dt: u
   data: [ 0, 0, 0, 0, 0, 0, 0, 0, 0, 0, 0, 0, 0, 0, 0, 0, 0, 0, 0, 0, 0,
       0, 0, 0, 0, 0, 0, 0, 0, 255, 0, 0, 0, 0, 0, 0, 255, 255, 0, 255,
       255, 0, 0, 0, 96, 255, 0, 0, 0, 255, 255, 255, 0, 255, 255, 255,
       255, 255, 255, 255, 255, 255, 0, 0, 0, 0, 0, 255, 195, 255, 255,
       255, 255, 255, 255, 255, 255, 255, 0, 0, 0, 159, 255, 255, 255,
       255, 255, 255, 255, 255, 255, 255, 255, 255, 0, 0, 0, 255, 219,
       255, 0, 255, 195, 255, 255, 255, 255, 255, 255, 96, 0, 0, 0, 255,
       139, 255, 223, 255, 255, 255, 255, 255, 255, 255, 255, 0, 0, 0, 0,
       255, 255, 0, 255, 255, 255, 255, 255, 255, 255, 255, 255, 0, 0, 0,
       0, 255, 255, 159, 255, 255, 0, 255, 235, 255, 255, 255, 255, 0, 0,
       0, 0, 0, 255, 255, 243, 255, 255, 255, 255, 255, 255, 255, 0, 0,
       0, 0, 0, 0, 0, 0, 0, 20, 0, 32, 255, 255, 255, 0, 0, 0, 0, 0, 0,
       0, 0, 0, 0, 0, 0, 4, 251, 255, 20, 0, 0, 0, 0, 0, 0, 0, 0, 0, 0,
       0, 0, 0, 0, 0, 0, 0, 0, 0, 0, 0, 0, 0, 0, 0, 0, 0, 0, 0, 0, 0, 0,
       0, 0, 0, 0, 0, 0, 0, 0, 0, 0, 0, 0, 0, 0, 0, 0, 0, 0, 0, 0, 0 ]
