%YAML:1.0
letter: 97
mat: !!opencv-matrix
   rows: 1
   cols: 256
   dt: u
   data: [ 0, 0, 0, 0, 0, 0, 0, 0, 0, 0, 0, 0, 0, 0, 0, 0, 0, 0, 0, 0, 0,
       0, 0, 0, 0, 0, 0, 16, 0, 0, 0, 0, 0, 0, 0, 0, 0, 0, 0, 0, 0, 0,
       255, 143, 0, 0, 0, 0, 0, 0, 0, 0, 0, 0, 255, 255, 255, 255, 255,
       207, 0, 0, 0, 0, 0, 0, 0, 216, 255, 255, 255, 255, 255, 255, 255,
       255, 0, 0, 0, 0, 0, 0, 255, 255, 255, 255, 255, 255, 255, 255,
       255, 255, 0, 0, 0, 0, 0, 0, 255, 255, 255, 16, 255, 255, 255, 255,
       255, 255, 0, 0, 0, 0, 0, 0, 156, 255, 255, 0, 255, 255, 255, 255,
       255, 255, 0, 0, 0, 0, 0, 0, 210, 255, 255, 255, 255, 121, 255,
       255, 255, 255, 0, 0, 0, 0, 0, 0, 0, 255, 255, 239, 255, 255, 255,
       255, 255, 0, 0, 0, 0, 0, 0, 0, 0, 255, 255, 255, 143, 255, 255,
       255, 0, 0, 0, 0, 0, 0, 0, 0, 0, 255, 255, 207, 0, 255, 255, 255,
       0, 0, 0, 0, 0, 0, 0, 0, 0, 255, 255, 255, 48, 255, 240, 0, 0, 0,
       0, 0, 0, 0, 0, 0, 0, 207, 255, 143, 255, 255, 220, 0, 0, 0, 0, 0,
       0, 0, 0, 0, 0, 0, 0, 0, 255, 250, 5, 0, 0, 0, 0, 0, 0, 0, 0, 0, 0,
       0, 0, 0, 0, 0, 0, 0, 0, 0, 0, 0, 0, 0 ]
