%YAML:1.0
letter: 97
mat: !!opencv-matrix
   rows: 1
   cols: 256
   dt: u
   data: [ 0, 0, 0, 0, 0, 0, 0, 199, 0, 0, 0, 0, 0, 0, 199, 0, 0, 0, 8,
       0, 255, 255, 0, 255, 255, 0, 88, 0, 0, 0, 255, 0, 0, 24, 255, 255,
       255, 255, 255, 255, 255, 255, 255, 255, 0, 255, 255, 0, 0, 0, 255,
       255, 255, 255, 255, 255, 255, 255, 255, 255, 0, 255, 255, 0, 0,
       170, 255, 255, 255, 255, 255, 255, 255, 255, 255, 255, 135, 255,
       255, 255, 0, 255, 245, 255, 8, 255, 104, 255, 255, 255, 255, 255,
       255, 255, 255, 0, 215, 255, 255, 255, 255, 255, 255, 255, 255,
       255, 255, 255, 255, 255, 229, 0, 0, 255, 7, 183, 255, 255, 255,
       255, 255, 255, 255, 255, 255, 255, 0, 0, 0, 255, 255, 0, 253, 255,
       183, 255, 255, 255, 255, 255, 255, 166, 0, 0, 0, 0, 255, 154, 0,
       103, 255, 255, 244, 255, 255, 255, 255, 0, 0, 0, 0, 0, 0, 0, 0, 0,
       0, 255, 255, 255, 255, 154, 0, 0, 0, 0, 0, 0, 0, 0, 0, 0, 0, 0,
       255, 255, 255, 0, 0, 0, 0, 0, 0, 0, 0, 0, 0, 0, 0, 0, 0, 0, 0, 0,
       0, 0, 0, 0, 0, 0, 0, 0, 0, 0, 0, 0, 0, 0, 0, 0, 0, 0, 0, 0, 0, 0,
       0, 0, 0, 0, 0, 0, 0, 0, 0, 0, 0, 0, 0, 0, 0, 0, 0, 0, 0, 0, 0, 0,
       0, 0, 0, 0, 0, 0, 0, 0 ]
