%YAML:1.0
letter: 97
mat: !!opencv-matrix
   rows: 1
   cols: 256
   dt: u
   data: [ 0, 0, 0, 0, 0, 0, 0, 0, 0, 0, 0, 0, 0, 0, 0, 0, 0, 0, 0, 0, 0,
       0, 0, 0, 0, 0, 0, 0, 0, 0, 0, 0, 0, 0, 0, 0, 0, 0, 0, 0, 0, 0, 0,
       0, 0, 72, 247, 0, 0, 0, 0, 0, 0, 255, 255, 255, 255, 255, 255, 0,
       0, 255, 0, 0, 0, 0, 0, 0, 255, 255, 255, 255, 255, 255, 255, 0,
       255, 255, 0, 0, 0, 0, 56, 255, 255, 255, 255, 255, 255, 255, 255,
       0, 255, 255, 0, 0, 0, 0, 0, 255, 255, 255, 255, 255, 255, 255,
       255, 255, 255, 255, 0, 0, 0, 0, 0, 255, 255, 255, 255, 255, 221,
       255, 255, 255, 255, 0, 0, 0, 0, 0, 0, 255, 255, 255, 0, 255, 255,
       255, 255, 255, 255, 0, 0, 0, 0, 0, 0, 255, 255, 255, 255, 255,
       255, 255, 255, 135, 0, 0, 0, 0, 0, 0, 0, 255, 255, 255, 199, 255,
       255, 255, 56, 0, 0, 0, 0, 0, 0, 0, 0, 255, 255, 255, 255, 24, 255,
       0, 0, 0, 0, 0, 0, 0, 0, 0, 0, 0, 0, 255, 255, 255, 215, 0, 0, 0,
       0, 0, 0, 0, 0, 0, 0, 0, 0, 0, 0, 0, 0, 0, 0, 0, 0, 0, 0, 0, 0, 0,
       0, 0, 0, 0, 0, 0, 0, 0, 0, 0, 0, 0, 0, 0, 0, 0, 0, 0, 0, 0, 0, 0,
       0, 0, 0, 0, 0, 0, 0, 0 ]
