%YAML:1.0
letter: 97
mat: !!opencv-matrix
   rows: 1
   cols: 256
   dt: u
   data: [ 0, 0, 0, 0, 0, 0, 0, 0, 0, 0, 0, 0, 0, 0, 0, 0, 0, 0, 0, 0, 0,
       0, 0, 0, 0, 0, 0, 0, 0, 0, 0, 0, 0, 0, 0, 0, 0, 0, 0, 0, 0, 0, 0,
       0, 0, 255, 0, 0, 0, 0, 0, 0, 0, 0, 255, 112, 255, 64, 64, 0, 255,
       255, 0, 0, 0, 0, 0, 0, 255, 255, 255, 255, 255, 255, 255, 0, 255,
       255, 0, 0, 0, 0, 0, 16, 255, 255, 255, 255, 255, 255, 255, 255,
       255, 255, 0, 0, 0, 0, 0, 207, 255, 255, 255, 255, 255, 255, 255,
       255, 255, 0, 0, 0, 0, 0, 0, 255, 255, 255, 255, 255, 255, 255,
       255, 255, 255, 0, 0, 0, 0, 0, 0, 255, 255, 0, 64, 255, 255, 255,
       255, 255, 0, 0, 0, 0, 0, 0, 0, 255, 255, 255, 143, 255, 255, 255,
       255, 0, 0, 0, 0, 0, 0, 0, 0, 255, 255, 255, 0, 64, 255, 255, 64,
       0, 0, 0, 0, 0, 0, 0, 0, 255, 255, 255, 255, 255, 255, 255, 0, 0,
       0, 0, 0, 0, 0, 0, 0, 0, 207, 255, 255, 255, 255, 0, 0, 0, 0, 0, 0,
       0, 0, 0, 0, 0, 0, 0, 0, 0, 0, 0, 0, 0, 0, 0, 0, 0, 0, 0, 0, 0, 0,
       0, 0, 0, 0, 0, 0, 0, 0, 0, 0, 0, 0, 0, 0, 0, 0, 0, 0, 0, 0, 0, 0,
       0, 0, 0, 0, 0 ]
