%YAML:1.0
letter: 97
mat: !!opencv-matrix
   rows: 1
   cols: 256
   dt: u
   data: [ 0, 0, 0, 0, 0, 0, 0, 0, 0, 0, 0, 0, 0, 0, 0, 0, 0, 0, 0, 0, 0,
       0, 0, 0, 0, 0, 0, 0, 0, 255, 231, 0, 0, 0, 0, 0, 0, 255, 0, 255,
       255, 0, 0, 0, 224, 255, 0, 0, 0, 0, 255, 255, 199, 255, 255, 255,
       255, 255, 255, 255, 255, 255, 0, 0, 0, 0, 0, 255, 0, 255, 255,
       255, 255, 255, 255, 255, 255, 255, 0, 0, 0, 247, 0, 255, 183, 255,
       255, 255, 255, 255, 255, 255, 255, 255, 0, 0, 0, 255, 0, 255, 0,
       255, 255, 255, 255, 255, 255, 255, 255, 87, 0, 0, 0, 255, 255,
       255, 0, 255, 255, 120, 255, 255, 255, 255, 255, 0, 0, 0, 0, 255,
       255, 255, 183, 255, 255, 255, 255, 255, 255, 255, 255, 0, 0, 0, 0,
       255, 255, 255, 255, 255, 0, 255, 255, 255, 255, 255, 255, 0, 0, 0,
       0, 0, 255, 255, 255, 88, 52, 255, 255, 255, 255, 255, 0, 0, 0, 0,
       0, 0, 0, 0, 0, 0, 0, 72, 157, 255, 255, 0, 0, 0, 0, 0, 0, 0, 0, 0,
       0, 0, 0, 199, 255, 255, 0, 0, 0, 0, 0, 0, 0, 0, 0, 0, 0, 0, 0, 0,
       0, 0, 0, 0, 0, 0, 0, 0, 0, 0, 0, 0, 0, 0, 0, 0, 0, 0, 0, 0, 0, 0,
       0, 0, 0, 0, 0, 0, 0, 0, 0, 0, 0, 0, 0, 0, 0, 0, 0, 0 ]
