%YAML:1.0
letter: 97
mat: !!opencv-matrix
   rows: 1
   cols: 256
   dt: u
   data: [ 0, 0, 0, 0, 0, 0, 0, 0, 0, 0, 0, 0, 0, 0, 0, 0, 0, 0, 0, 0, 0,
       0, 0, 0, 0, 0, 0, 0, 0, 0, 0, 0, 0, 0, 0, 0, 0, 0, 0, 0, 0, 0, 0,
       0, 0, 0, 0, 0, 0, 0, 0, 0, 0, 0, 255, 255, 255, 255, 255, 0, 0,
       255, 0, 0, 0, 0, 0, 0, 255, 255, 255, 255, 255, 255, 255, 120, 0,
       255, 0, 0, 0, 0, 0, 0, 255, 255, 255, 255, 255, 255, 255, 119,
       255, 255, 0, 0, 0, 0, 0, 255, 255, 255, 255, 255, 255, 255, 255,
       255, 255, 255, 0, 0, 0, 0, 0, 255, 255, 255, 255, 255, 255, 255,
       255, 255, 255, 0, 0, 0, 0, 0, 0, 255, 255, 255, 37, 255, 255, 255,
       255, 255, 6, 0, 0, 0, 0, 0, 0, 255, 255, 255, 0, 0, 255, 255, 255,
       41, 0, 0, 0, 0, 0, 0, 0, 255, 255, 255, 0, 0, 255, 255, 0, 0, 0,
       0, 0, 0, 0, 0, 0, 255, 255, 255, 176, 255, 255, 120, 0, 0, 0, 0,
       0, 0, 0, 0, 0, 0, 0, 255, 255, 255, 255, 0, 0, 0, 0, 0, 0, 0, 0,
       0, 0, 0, 0, 0, 0, 0, 0, 0, 0, 0, 0, 0, 0, 0, 0, 0, 0, 0, 0, 0, 0,
       0, 0, 0, 0, 0, 0, 0, 0, 0, 0, 0, 0, 0, 0, 0, 0, 0, 0, 0, 0, 0, 0,
       0, 0, 0 ]
