%YAML:1.0
letter: 97
mat: !!opencv-matrix
   rows: 1
   cols: 256
   dt: u
   data: [ 0, 0, 0, 0, 0, 0, 0, 0, 0, 0, 0, 0, 0, 48, 191, 0, 0, 0, 0, 0,
       64, 0, 0, 255, 112, 0, 0, 0, 0, 255, 255, 0, 0, 239, 255, 255,
       255, 255, 255, 255, 255, 255, 255, 0, 255, 255, 0, 0, 0, 0, 255,
       255, 255, 255, 255, 255, 255, 255, 255, 255, 255, 255, 0, 0, 191,
       191, 255, 255, 255, 255, 255, 255, 255, 255, 255, 255, 255, 255,
       0, 0, 0, 255, 255, 255, 255, 255, 255, 255, 255, 255, 255, 255,
       255, 255, 0, 0, 191, 255, 207, 255, 255, 255, 255, 64, 255, 255,
       255, 255, 255, 255, 0, 0, 239, 255, 255, 191, 255, 255, 255, 255,
       255, 255, 255, 255, 255, 255, 0, 0, 239, 255, 255, 0, 255, 0, 207,
       255, 255, 255, 255, 255, 255, 255, 0, 0, 0, 255, 255, 255, 0, 0,
       255, 255, 255, 255, 255, 255, 255, 255, 0, 0, 0, 0, 0, 255, 255,
       0, 0, 255, 255, 255, 255, 255, 64, 0, 0, 0, 0, 0, 0, 0, 0, 0, 0,
       255, 255, 255, 255, 143, 0, 0, 0, 0, 0, 0, 0, 0, 0, 0, 0, 0, 255,
       255, 64, 0, 0, 0, 0, 0, 0, 0, 0, 0, 0, 0, 0, 0, 0, 0, 0, 0, 0, 0,
       0, 0, 0, 0, 0, 0, 0, 0, 0, 0, 0, 0, 0, 0, 0, 0, 0, 0, 0, 0, 0, 0,
       0, 0, 0, 0, 0, 0, 0, 0, 0, 0, 0, 0 ]
