%YAML:1.0
letter: 97
mat: !!opencv-matrix
   rows: 1
   cols: 256
   dt: u
   data: [ 0, 0, 0, 0, 0, 0, 0, 0, 0, 0, 0, 0, 0, 0, 0, 0, 0, 0, 0, 0, 0,
       0, 0, 0, 0, 0, 0, 0, 0, 0, 0, 0, 0, 0, 0, 0, 0, 0, 0, 0, 0, 0, 0,
       0, 0, 0, 0, 0, 0, 0, 0, 0, 0, 0, 0, 0, 0, 0, 0, 0, 0, 0, 0, 0, 0,
       0, 0, 0, 0, 177, 255, 255, 255, 255, 255, 255, 0, 255, 255, 0, 0,
       0, 0, 100, 31, 255, 0, 8, 40, 255, 255, 255, 255, 255, 0, 0, 0, 0,
       0, 255, 5, 40, 2, 255, 224, 255, 255, 255, 255, 255, 0, 0, 0, 0,
       0, 185, 56, 248, 247, 255, 255, 8, 255, 255, 255, 0, 0, 0, 0, 0,
       0, 69, 201, 255, 231, 255, 255, 255, 255, 255, 8, 0, 0, 0, 0, 0,
       0, 0, 19, 219, 209, 255, 24, 0, 255, 0, 231, 0, 0, 0, 0, 0, 0,
       255, 255, 255, 231, 39, 255, 215, 0, 0, 0, 0, 0, 0, 0, 0, 0, 96,
       255, 255, 231, 255, 0, 255, 0, 56, 0, 0, 0, 0, 0, 0, 0, 103, 255,
       255, 255, 255, 255, 255, 255, 0, 0, 0, 0, 0, 0, 0, 0, 0, 255, 255,
       0, 0, 0, 88, 0, 0, 0, 0, 0, 0, 0, 0, 0, 0, 0, 0, 0, 0, 0, 0, 0, 0,
       0, 0, 0, 0, 0, 0, 0, 0, 0, 0, 0, 4, 0, 0, 0, 0, 0, 0, 0, 0 ]
