%YAML:1.0
letter: 97
mat: !!opencv-matrix
   rows: 1
   cols: 256
   dt: u
   data: [ 0, 0, 0, 0, 0, 0, 0, 0, 0, 0, 0, 0, 0, 0, 0, 0, 0, 0, 0, 0, 0,
       0, 0, 0, 0, 0, 0, 0, 0, 0, 0, 0, 0, 0, 0, 0, 0, 0, 0, 0, 0, 0, 0,
       0, 0, 0, 0, 0, 0, 0, 0, 0, 0, 0, 0, 0, 255, 0, 0, 0, 0, 255, 0, 0,
       0, 0, 0, 0, 255, 179, 0, 191, 56, 255, 255, 255, 255, 255, 0, 0,
       0, 0, 0, 2, 191, 173, 255, 255, 255, 255, 255, 255, 255, 103, 0,
       0, 0, 0, 0, 247, 64, 197, 64, 191, 56, 255, 255, 255, 255, 0, 0,
       0, 0, 0, 0, 253, 119, 24, 255, 255, 213, 255, 255, 255, 255, 0, 0,
       0, 0, 0, 0, 255, 0, 24, 64, 255, 255, 255, 255, 191, 255, 0, 0, 0,
       0, 0, 0, 255, 255, 255, 0, 255, 56, 66, 255, 0, 0, 0, 0, 0, 0, 0,
       0, 70, 255, 255, 0, 0, 50, 167, 0, 255, 0, 0, 0, 0, 0, 0, 0, 70,
       255, 255, 255, 255, 56, 167, 255, 0, 0, 0, 0, 0, 0, 0, 0, 255,
       255, 255, 255, 255, 149, 129, 0, 0, 0, 0, 0, 0, 0, 0, 0, 185, 0,
       0, 0, 0, 191, 0, 0, 0, 0, 0, 0, 0, 0, 0, 0, 62, 0, 231, 0, 64, 50,
       0, 0, 0, 0, 0, 0, 0, 0, 0, 0, 8, 0, 0, 0, 0, 0, 0, 0, 0, 0, 0, 0,
       0 ]
