%YAML:1.0
letter: 97
mat: !!opencv-matrix
   rows: 1
   cols: 256
   dt: u
   data: [ 0, 0, 0, 0, 0, 0, 0, 0, 0, 0, 0, 0, 0, 0, 0, 0, 0, 0, 0, 0, 0,
       0, 0, 0, 0, 0, 0, 0, 0, 0, 0, 0, 0, 0, 0, 0, 0, 0, 0, 0, 0, 0, 0,
       0, 0, 0, 0, 0, 0, 0, 0, 0, 0, 0, 0, 255, 255, 255, 255, 0, 0, 0,
       0, 0, 0, 0, 0, 0, 255, 64, 191, 255, 255, 175, 255, 0, 255, 255,
       0, 0, 0, 0, 0, 0, 255, 255, 255, 255, 255, 255, 255, 0, 255, 255,
       0, 0, 0, 0, 0, 0, 255, 171, 255, 255, 255, 255, 255, 255, 255, 0,
       0, 0, 0, 0, 0, 255, 255, 255, 255, 255, 255, 255, 255, 0, 255, 0,
       0, 0, 0, 0, 0, 255, 255, 255, 255, 0, 207, 255, 36, 0, 255, 0, 0,
       0, 0, 0, 0, 255, 255, 255, 255, 255, 255, 0, 0, 143, 0, 0, 0, 0,
       0, 0, 0, 0, 255, 255, 255, 255, 255, 255, 0, 0, 0, 0, 0, 0, 0, 0,
       0, 0, 255, 255, 255, 255, 255, 0, 0, 0, 0, 0, 0, 0, 0, 0, 0, 0,
       255, 255, 255, 255, 0, 0, 0, 0, 0, 0, 0, 0, 0, 0, 0, 16, 16, 191,
       12, 0, 60, 0, 0, 0, 0, 0, 0, 0, 0, 0, 0, 143, 0, 0, 28, 0, 0, 0,
       0, 0, 0, 0, 0, 0, 0, 0, 0, 255, 0, 0, 207, 0, 0, 0, 0, 0, 0, 0, 0,
       0 ]
