%YAML:1.0
letter: 97
mat: !!opencv-matrix
   rows: 1
   cols: 256
   dt: u
   data: [ 0, 0, 0, 0, 0, 0, 0, 0, 0, 0, 0, 0, 0, 0, 0, 0, 0, 0, 0, 0, 0,
       0, 0, 0, 0, 0, 0, 0, 0, 0, 0, 0, 0, 0, 0, 0, 0, 0, 0, 0, 0, 0, 0,
       0, 0, 0, 0, 0, 0, 0, 0, 0, 0, 0, 112, 0, 154, 0, 0, 0, 0, 143,
       255, 0, 0, 0, 0, 0, 255, 0, 255, 255, 255, 255, 255, 255, 255,
       255, 0, 0, 0, 0, 0, 255, 255, 0, 175, 255, 255, 255, 255, 255,
       255, 255, 0, 0, 0, 0, 0, 255, 0, 0, 207, 255, 255, 0, 255, 119,
       255, 0, 0, 0, 0, 0, 0, 16, 16, 239, 0, 255, 14, 255, 255, 255,
       255, 0, 0, 0, 0, 0, 0, 255, 239, 239, 255, 16, 255, 0, 247, 167,
       40, 0, 0, 0, 0, 0, 0, 255, 255, 255, 0, 0, 231, 255, 158, 255, 0,
       0, 0, 0, 0, 0, 0, 255, 255, 255, 80, 255, 255, 255, 135, 0, 0, 0,
       0, 0, 0, 0, 0, 255, 143, 255, 255, 255, 0, 215, 0, 0, 0, 0, 0, 0,
       0, 0, 0, 0, 0, 0, 0, 0, 24, 0, 0, 0, 0, 0, 0, 0, 0, 0, 247, 0, 0,
       0, 0, 0, 0, 0, 0, 0, 0, 0, 0, 0, 0, 0, 0, 0, 207, 207, 0, 255, 0,
       0, 0, 0, 0, 0, 0, 0, 0, 0, 0, 0, 0, 0, 0, 0, 0, 0, 0, 0, 0, 0, 0,
       0 ]
