%YAML:1.0
letter: 97
mat: !!opencv-matrix
   rows: 1
   cols: 256
   dt: u
   data: [ 0, 0, 0, 0, 0, 0, 0, 0, 0, 0, 0, 0, 0, 0, 0, 0, 0, 0, 0, 0, 0,
       0, 0, 0, 0, 0, 0, 0, 0, 0, 0, 0, 0, 0, 0, 0, 0, 0, 0, 0, 0, 0, 0,
       0, 255, 0, 0, 0, 0, 0, 0, 0, 0, 0, 0, 255, 255, 247, 0, 255, 0, 0,
       0, 0, 0, 0, 0, 0, 255, 206, 255, 255, 255, 255, 255, 255, 0, 0, 0,
       0, 0, 0, 0, 255, 255, 255, 255, 255, 255, 255, 255, 255, 0, 0, 0,
       0, 0, 0, 0, 88, 165, 151, 255, 255, 192, 255, 255, 255, 0, 0, 0,
       0, 0, 0, 0, 255, 0, 174, 255, 255, 255, 255, 255, 255, 0, 0, 0, 0,
       0, 0, 0, 255, 255, 33, 255, 0, 40, 255, 0, 56, 0, 0, 0, 0, 0, 0,
       0, 255, 255, 255, 255, 255, 255, 88, 0, 0, 0, 0, 0, 0, 0, 0, 0,
       255, 255, 255, 255, 255, 17, 0, 0, 0, 0, 0, 0, 0, 0, 0, 0, 255,
       255, 255, 255, 255, 255, 215, 0, 0, 0, 0, 0, 0, 0, 0, 0, 255, 255,
       255, 255, 255, 255, 0, 0, 0, 0, 0, 0, 0, 0, 0, 0, 255, 255, 255,
       255, 255, 0, 0, 0, 0, 0, 0, 0, 0, 0, 0, 0, 255, 255, 255, 255,
       255, 0, 0, 0, 0, 0, 0, 0, 0, 0, 0, 0, 255, 255, 255, 255, 255, 0,
       0, 0, 0, 0, 0, 0, 0 ]
