%YAML:1.0
letter: 97
mat: !!opencv-matrix
   rows: 1
   cols: 256
   dt: u
   data: [ 0, 0, 0, 0, 0, 0, 0, 0, 0, 0, 0, 0, 0, 0, 0, 0, 0, 0, 0, 0, 0,
       0, 0, 0, 0, 0, 0, 0, 0, 0, 0, 0, 0, 0, 0, 0, 0, 0, 0, 0, 0, 0, 0,
       0, 0, 0, 0, 0, 0, 0, 0, 0, 0, 0, 0, 0, 0, 0, 0, 0, 0, 255, 0, 0,
       0, 0, 0, 0, 0, 0, 32, 150, 159, 255, 255, 88, 0, 255, 0, 0, 0, 0,
       0, 0, 255, 255, 0, 255, 255, 223, 255, 255, 255, 255, 0, 0, 0, 0,
       0, 255, 72, 255, 63, 255, 159, 255, 255, 255, 255, 0, 0, 0, 0, 0,
       0, 231, 231, 255, 202, 255, 255, 255, 255, 0, 255, 0, 0, 0, 0, 0,
       0, 255, 255, 0, 29, 110, 231, 202, 0, 0, 255, 0, 0, 0, 0, 0, 0,
       183, 0, 255, 9, 186, 115, 0, 0, 0, 255, 0, 0, 0, 0, 0, 0, 120,
       120, 255, 0, 0, 0, 17, 0, 0, 0, 0, 0, 0, 0, 0, 0, 255, 255, 255,
       167, 0, 222, 32, 167, 0, 0, 0, 0, 0, 0, 0, 0, 40, 255, 255, 0,
       215, 134, 250, 255, 0, 0, 0, 0, 0, 0, 0, 0, 255, 8, 255, 0, 0,
       252, 32, 0, 0, 0, 0, 0, 0, 0, 0, 0, 199, 199, 0, 0, 159, 145, 0,
       0, 0, 0, 0, 0, 0, 0, 0, 0, 0, 0, 0, 0, 57, 0, 0, 0, 0, 0, 0, 0, 0 ]
