%YAML:1.0
letter: 97
mat: !!opencv-matrix
   rows: 1
   cols: 256
   dt: u
   data: [ 0, 0, 0, 0, 0, 0, 0, 0, 0, 0, 0, 0, 0, 0, 0, 0, 0, 0, 0, 0, 0,
       0, 0, 0, 0, 0, 0, 0, 0, 0, 0, 0, 0, 0, 0, 0, 0, 0, 0, 0, 0, 0, 0,
       0, 0, 0, 0, 0, 0, 0, 0, 0, 0, 0, 0, 0, 0, 0, 0, 0, 0, 255, 0, 0,
       0, 0, 0, 0, 0, 58, 175, 248, 111, 255, 255, 255, 0, 255, 0, 0, 0,
       0, 0, 48, 13, 255, 0, 111, 228, 0, 255, 255, 255, 255, 0, 0, 0, 0,
       0, 255, 80, 0, 80, 255, 143, 255, 255, 255, 255, 80, 0, 0, 0, 0,
       0, 143, 150, 228, 156, 255, 255, 255, 255, 255, 255, 0, 0, 0, 0,
       0, 0, 112, 255, 164, 255, 129, 255, 255, 234, 0, 143, 0, 0, 0, 0,
       0, 0, 255, 244, 222, 0, 255, 99, 0, 80, 0, 255, 0, 0, 0, 0, 0, 0,
       48, 255, 255, 15, 0, 255, 33, 0, 0, 0, 0, 0, 0, 0, 0, 0, 0, 255,
       255, 90, 120, 255, 175, 0, 224, 0, 0, 0, 0, 0, 0, 0, 255, 255,
       255, 255, 111, 255, 180, 252, 0, 0, 0, 0, 0, 0, 0, 0, 255, 255,
       216, 79, 111, 255, 222, 0, 0, 0, 0, 0, 0, 0, 0, 0, 255, 0, 80, 0,
       111, 0, 0, 0, 0, 0, 0, 0, 0, 0, 0, 0, 112, 0, 0, 0, 112, 0, 0, 0,
       0, 0, 0, 0, 0 ]
