%YAML:1.0
letter: 97
mat: !!opencv-matrix
   rows: 1
   cols: 256
   dt: u
   data: [ 0, 0, 0, 0, 0, 0, 0, 0, 0, 0, 0, 0, 0, 0, 0, 0, 0, 0, 0, 0, 0,
       0, 0, 0, 0, 0, 0, 0, 0, 0, 0, 0, 0, 0, 0, 0, 0, 0, 0, 0, 0, 0, 0,
       255, 0, 0, 0, 0, 0, 0, 0, 0, 0, 255, 167, 255, 255, 0, 255, 255,
       0, 0, 0, 0, 0, 0, 0, 0, 255, 255, 167, 255, 255, 255, 255, 255, 0,
       0, 0, 0, 0, 0, 0, 255, 255, 255, 167, 255, 255, 135, 255, 0, 0, 0,
       0, 0, 0, 0, 0, 255, 255, 255, 135, 255, 255, 255, 255, 0, 0, 0, 0,
       0, 0, 0, 0, 255, 0, 255, 87, 0, 255, 255, 253, 0, 0, 0, 0, 0, 0,
       0, 0, 255, 255, 255, 87, 255, 255, 231, 0, 0, 0, 0, 0, 0, 0, 0, 0,
       255, 255, 255, 255, 239, 255, 255, 0, 0, 0, 0, 0, 0, 0, 0, 0, 255,
       255, 255, 255, 255, 255, 0, 0, 0, 0, 0, 0, 0, 0, 0, 0, 255, 255,
       255, 255, 255, 0, 0, 0, 0, 0, 0, 0, 0, 0, 0, 0, 255, 255, 255,
       255, 255, 0, 0, 0, 0, 0, 0, 0, 0, 0, 0, 0, 255, 255, 255, 255,
       255, 0, 0, 0, 0, 0, 0, 0, 0, 0, 0, 0, 255, 255, 255, 255, 0, 0, 0,
       0, 0, 0, 0, 0, 0, 0, 0, 104, 255, 255, 255, 255, 0, 0, 0, 0, 0, 0,
       0, 0, 0 ]
