%YAML:1.0
letter: 97
mat: !!opencv-matrix
   rows: 1
   cols: 256
   dt: u
   data: [ 0, 0, 0, 0, 0, 0, 0, 0, 0, 0, 0, 0, 0, 0, 0, 0, 0, 0, 0, 0, 0,
       0, 0, 0, 0, 0, 0, 0, 0, 0, 0, 0, 0, 0, 0, 0, 0, 0, 0, 0, 0, 0, 0,
       0, 0, 0, 0, 0, 0, 0, 0, 0, 0, 0, 0, 32, 255, 14, 255, 0, 0, 0, 0,
       0, 0, 0, 0, 0, 255, 255, 255, 255, 255, 0, 255, 0, 255, 255, 0, 0,
       0, 0, 0, 255, 255, 255, 255, 255, 255, 255, 255, 0, 255, 255, 0,
       0, 0, 0, 0, 255, 255, 255, 255, 255, 255, 255, 255, 255, 255, 0,
       0, 0, 0, 0, 0, 255, 255, 255, 255, 255, 255, 255, 143, 6, 255, 0,
       0, 0, 0, 0, 0, 255, 255, 255, 225, 223, 255, 255, 129, 0, 0, 0, 0,
       0, 0, 0, 0, 255, 255, 255, 255, 255, 255, 6, 0, 0, 0, 0, 0, 0, 0,
       0, 0, 0, 255, 255, 255, 159, 255, 255, 255, 0, 0, 0, 0, 0, 0, 0,
       0, 0, 255, 255, 255, 255, 255, 209, 0, 0, 0, 0, 0, 0, 0, 0, 0, 32,
       255, 255, 30, 223, 0, 0, 0, 0, 0, 0, 0, 0, 0, 0, 0, 0, 255, 143,
       249, 159, 0, 0, 0, 0, 0, 0, 0, 0, 0, 0, 0, 0, 255, 0, 10, 0, 0, 0,
       0, 0, 0, 0, 0, 0, 0, 0, 0, 255, 249, 0, 0, 255, 0, 0, 0, 0, 0, 0,
       0, 0 ]
