%YAML:1.0
letter: 97
mat: !!opencv-matrix
   rows: 1
   cols: 256
   dt: u
   data: [ 0, 0, 0, 0, 0, 0, 0, 0, 0, 0, 0, 0, 0, 0, 0, 0, 0, 0, 0, 0, 0,
       0, 0, 0, 0, 0, 0, 0, 0, 0, 0, 0, 0, 0, 0, 0, 0, 0, 0, 0, 0, 0, 0,
       0, 0, 0, 0, 0, 0, 0, 0, 0, 0, 0, 0, 0, 193, 181, 0, 0, 0, 0, 0, 0,
       0, 0, 0, 0, 255, 183, 0, 255, 180, 255, 255, 255, 0, 255, 180, 0,
       0, 0, 0, 255, 88, 0, 0, 255, 8, 255, 255, 255, 255, 255, 0, 0, 0,
       0, 0, 104, 0, 255, 0, 255, 154, 255, 255, 232, 255, 68, 0, 0, 0,
       0, 0, 0, 255, 135, 255, 255, 116, 0, 255, 255, 255, 0, 0, 0, 0, 0,
       0, 135, 120, 255, 135, 255, 131, 146, 0, 0, 255, 0, 0, 0, 0, 0, 0,
       104, 255, 255, 0, 0, 100, 108, 0, 0, 0, 0, 0, 0, 0, 0, 0, 0, 255,
       255, 255, 255, 255, 24, 26, 0, 0, 0, 0, 0, 0, 0, 0, 255, 183, 255,
       255, 72, 8, 248, 0, 0, 0, 0, 0, 0, 0, 0, 0, 255, 255, 255, 0, 56,
       255, 0, 0, 0, 0, 0, 0, 0, 0, 0, 0, 215, 0, 40, 0, 0, 1, 0, 0, 0,
       0, 0, 0, 0, 0, 0, 0, 0, 0, 0, 0, 0, 0, 0, 0, 0, 0, 0, 0, 0, 0, 0,
       8, 0, 0, 0, 8, 0, 0, 0, 0, 0, 0, 0, 0, 0 ]
