%YAML:1.0
letter: 97
mat: !!opencv-matrix
   rows: 1
   cols: 256
   dt: u
   data: [ 0, 0, 0, 0, 0, 0, 0, 0, 0, 0, 0, 0, 0, 0, 0, 0, 0, 0, 0, 0, 0,
       0, 0, 0, 0, 0, 0, 0, 0, 0, 0, 0, 0, 0, 0, 0, 0, 0, 0, 0, 0, 0, 0,
       0, 0, 0, 0, 0, 0, 0, 0, 0, 0, 0, 0, 0, 0, 0, 0, 0, 0, 40, 255, 0,
       0, 0, 0, 0, 183, 143, 97, 40, 255, 0, 255, 24, 0, 255, 0, 0, 0, 0,
       0, 255, 255, 56, 176, 114, 255, 88, 255, 255, 255, 255, 0, 0, 0,
       0, 0, 151, 151, 232, 135, 255, 255, 255, 255, 241, 255, 255, 0, 0,
       0, 0, 0, 0, 255, 93, 135, 236, 0, 0, 255, 255, 175, 0, 0, 0, 0, 0,
       0, 255, 0, 56, 135, 255, 255, 255, 0, 0, 255, 0, 0, 0, 0, 0, 0,
       255, 255, 255, 0, 0, 0, 255, 255, 137, 0, 0, 0, 0, 0, 0, 0, 255,
       255, 255, 255, 255, 88, 0, 0, 0, 0, 0, 0, 0, 0, 0, 0, 183, 255,
       255, 157, 0, 255, 255, 0, 0, 0, 0, 0, 0, 0, 0, 0, 199, 255, 255,
       119, 0, 255, 0, 0, 0, 0, 0, 0, 0, 0, 0, 0, 255, 0, 0, 0, 221, 255,
       0, 0, 0, 0, 0, 0, 0, 0, 0, 0, 255, 0, 0, 13, 0, 0, 0, 0, 0, 0, 0,
       0, 0, 0, 0, 0, 247, 0, 54, 0, 7, 0, 0, 0, 0, 0, 0, 0, 0 ]
