%YAML:1.0
letter: 97
mat: !!opencv-matrix
   rows: 1
   cols: 256
   dt: u
   data: [ 0, 0, 0, 0, 0, 0, 0, 0, 0, 0, 0, 0, 0, 0, 0, 0, 0, 0, 0, 0, 0,
       0, 0, 0, 0, 0, 0, 0, 0, 0, 0, 0, 0, 0, 0, 0, 0, 0, 0, 0, 0, 0, 0,
       0, 0, 0, 0, 0, 0, 0, 0, 0, 0, 0, 0, 255, 255, 255, 0, 255, 255, 0,
       0, 0, 0, 0, 0, 0, 255, 255, 185, 255, 255, 255, 0, 255, 0, 0, 0,
       0, 0, 0, 0, 152, 255, 255, 170, 255, 255, 0, 255, 255, 0, 0, 0, 0,
       0, 0, 0, 108, 255, 255, 255, 255, 255, 0, 255, 0, 0, 0, 0, 0, 0,
       0, 0, 255, 0, 38, 124, 120, 255, 120, 0, 0, 0, 0, 0, 0, 0, 0, 0,
       255, 255, 0, 0, 255, 255, 0, 255, 0, 0, 0, 0, 0, 0, 0, 0, 255,
       255, 255, 255, 255, 36, 104, 0, 0, 0, 0, 0, 0, 0, 0, 0, 255, 255,
       255, 255, 255, 255, 0, 0, 0, 0, 0, 0, 0, 0, 0, 0, 248, 255, 255,
       255, 255, 167, 0, 0, 0, 0, 0, 0, 0, 0, 0, 0, 231, 255, 255, 255,
       255, 0, 0, 0, 0, 0, 0, 0, 0, 0, 0, 0, 251, 255, 255, 255, 255, 0,
       0, 0, 0, 0, 0, 0, 0, 0, 0, 56, 255, 255, 255, 255, 0, 0, 0, 0, 0,
       0, 0, 0, 0, 0, 0, 0, 255, 255, 255, 255, 0, 0, 0, 0, 0, 0, 0, 0,
       0 ]
