%YAML:1.0
letter: 97
mat: !!opencv-matrix
   rows: 1
   cols: 256
   dt: u
   data: [ 0, 0, 0, 0, 0, 0, 0, 0, 0, 0, 0, 0, 0, 0, 0, 0, 0, 0, 0, 0, 0,
       0, 0, 0, 0, 0, 0, 0, 0, 0, 0, 0, 0, 0, 0, 0, 0, 0, 0, 0, 0, 0, 0,
       255, 24, 0, 0, 0, 0, 0, 0, 0, 0, 0, 0, 203, 255, 255, 22, 255, 0,
       0, 0, 0, 0, 0, 0, 0, 208, 255, 255, 255, 255, 255, 183, 255, 0, 0,
       0, 0, 0, 0, 0, 16, 255, 239, 255, 255, 255, 255, 255, 255, 0, 0,
       0, 0, 0, 0, 0, 143, 255, 255, 255, 255, 255, 255, 255, 255, 0, 0,
       0, 0, 0, 0, 0, 255, 0, 255, 255, 255, 255, 255, 0, 255, 0, 0, 0,
       0, 0, 0, 0, 255, 255, 0, 255, 255, 0, 1, 0, 255, 0, 0, 0, 0, 0, 0,
       0, 255, 255, 0, 0, 255, 255, 251, 0, 0, 0, 0, 0, 0, 0, 0, 0, 255,
       255, 255, 255, 255, 16, 0, 0, 0, 0, 0, 0, 0, 0, 0, 0, 255, 255,
       255, 255, 255, 255, 255, 0, 0, 0, 0, 0, 0, 0, 0, 0, 255, 255, 255,
       255, 255, 255, 0, 0, 0, 0, 0, 0, 0, 0, 0, 0, 255, 255, 255, 255,
       255, 0, 0, 0, 0, 0, 0, 0, 0, 0, 0, 0, 255, 255, 255, 255, 255, 0,
       0, 0, 0, 0, 0, 0, 0, 0, 0, 0, 255, 255, 255, 255, 255, 0, 0, 0, 0,
       0, 0, 0, 0 ]
