%YAML:1.0
letter: 97
mat: !!opencv-matrix
   rows: 1
   cols: 256
   dt: u
   data: [ 0, 0, 0, 0, 0, 0, 0, 0, 0, 0, 0, 0, 0, 0, 0, 0, 0, 0, 0, 0, 0,
       0, 0, 0, 0, 0, 0, 0, 0, 0, 0, 0, 0, 0, 0, 0, 0, 0, 0, 0, 0, 0, 0,
       0, 0, 0, 0, 0, 0, 0, 0, 0, 0, 0, 0, 255, 0, 255, 0, 219, 255, 0,
       0, 0, 0, 0, 0, 0, 60, 255, 255, 255, 255, 255, 0, 255, 255, 0, 0,
       0, 0, 0, 0, 255, 255, 255, 255, 255, 0, 255, 0, 255, 0, 0, 0, 0,
       0, 0, 0, 255, 255, 255, 255, 255, 255, 255, 255, 255, 0, 0, 0, 0,
       0, 0, 0, 255, 0, 255, 255, 255, 255, 255, 20, 255, 0, 0, 0, 0, 0,
       0, 0, 255, 255, 139, 255, 0, 255, 255, 0, 96, 0, 0, 0, 0, 0, 0, 0,
       255, 255, 32, 32, 255, 255, 0, 0, 0, 0, 0, 0, 0, 0, 0, 0, 255,
       255, 255, 255, 255, 255, 0, 0, 0, 0, 0, 0, 0, 0, 0, 0, 255, 255,
       255, 255, 255, 255, 255, 0, 0, 0, 0, 0, 0, 0, 0, 0, 255, 255, 255,
       255, 255, 255, 0, 0, 0, 0, 0, 0, 0, 0, 0, 0, 159, 255, 255, 255,
       255, 139, 0, 0, 0, 0, 0, 0, 0, 0, 0, 0, 243, 255, 255, 32, 255, 0,
       0, 0, 0, 0, 0, 0, 0, 0, 0, 0, 255, 255, 255, 255, 255, 0, 0, 0, 0,
       0, 0, 0, 0 ]
