%YAML:1.0
letter: 97
mat: !!opencv-matrix
   rows: 1
   cols: 256
   dt: u
   data: [ 0, 0, 0, 0, 0, 0, 0, 0, 0, 0, 0, 0, 0, 0, 0, 0, 0, 0, 0, 0, 0,
       0, 0, 0, 0, 0, 0, 0, 0, 0, 0, 0, 0, 0, 0, 0, 0, 0, 0, 0, 0, 0, 0,
       0, 0, 0, 0, 0, 0, 0, 0, 0, 0, 0, 215, 255, 40, 236, 0, 255, 255,
       0, 0, 0, 0, 0, 0, 0, 255, 255, 255, 255, 40, 255, 0, 255, 0, 0, 0,
       0, 0, 0, 0, 175, 255, 255, 255, 255, 215, 255, 255, 255, 0, 0, 0,
       0, 0, 0, 0, 255, 255, 255, 255, 255, 255, 255, 255, 255, 0, 0, 0,
       0, 0, 0, 0, 255, 233, 255, 255, 255, 255, 24, 250, 255, 0, 0, 0,
       0, 0, 0, 0, 255, 255, 231, 0, 0, 255, 255, 51, 0, 0, 0, 0, 0, 0,
       0, 0, 255, 255, 72, 72, 255, 40, 0, 199, 0, 0, 0, 0, 0, 0, 0, 0,
       255, 255, 255, 255, 255, 255, 255, 0, 0, 0, 0, 0, 0, 0, 0, 0, 255,
       255, 255, 255, 255, 255, 0, 0, 0, 0, 0, 0, 0, 0, 0, 0, 255, 255,
       255, 255, 255, 0, 0, 0, 0, 0, 0, 0, 0, 0, 0, 0, 255, 255, 255,
       255, 255, 0, 0, 0, 0, 0, 0, 0, 0, 0, 0, 0, 255, 255, 255, 255,
       255, 0, 0, 0, 0, 0, 0, 0, 0, 0, 0, 0, 255, 255, 255, 255, 0, 0, 0,
       0, 0, 0, 0, 0, 0 ]
