%YAML:1.0
letter: 97
mat: !!opencv-matrix
   rows: 1
   cols: 256
   dt: u
   data: [ 0, 0, 0, 0, 0, 0, 0, 0, 0, 0, 0, 0, 0, 0, 0, 0, 0, 0, 0, 0, 0,
       0, 0, 0, 0, 0, 0, 0, 0, 0, 0, 0, 0, 0, 0, 0, 0, 0, 0, 0, 0, 0, 0,
       0, 0, 0, 0, 0, 0, 0, 0, 0, 0, 0, 0, 0, 0, 0, 0, 0, 0, 255, 0, 0,
       0, 0, 0, 0, 0, 255, 32, 165, 255, 223, 255, 255, 255, 255, 0, 0,
       0, 0, 0, 48, 0, 255, 6, 255, 125, 255, 255, 255, 255, 207, 0, 0,
       0, 0, 0, 255, 255, 255, 10, 255, 189, 255, 255, 255, 255, 0, 0, 0,
       0, 0, 0, 143, 255, 255, 32, 255, 96, 255, 255, 255, 255, 0, 0, 0,
       0, 0, 0, 0, 255, 255, 0, 159, 255, 255, 255, 0, 0, 0, 0, 0, 0, 0,
       0, 175, 255, 175, 0, 255, 189, 0, 80, 0, 0, 0, 0, 0, 0, 0, 0, 48,
       255, 255, 0, 0, 255, 207, 0, 0, 0, 0, 0, 0, 0, 0, 0, 255, 255,
       255, 32, 255, 255, 14, 0, 239, 0, 0, 0, 0, 0, 0, 0, 0, 255, 255,
       14, 255, 245, 255, 255, 0, 0, 0, 0, 0, 0, 0, 0, 0, 255, 255, 32,
       95, 255, 6, 0, 0, 0, 0, 0, 0, 0, 0, 0, 0, 0, 0, 0, 0, 159, 0, 0,
       0, 0, 0, 0, 0, 0, 0, 0, 0, 112, 112, 0, 96, 0, 0, 0, 0, 0, 0, 0,
       0 ]
