%YAML:1.0
letter: 97
mat: !!opencv-matrix
   rows: 1
   cols: 256
   dt: u
   data: [ 0, 0, 0, 0, 0, 0, 0, 0, 0, 0, 0, 0, 0, 0, 0, 0, 0, 0, 0, 0, 0,
       0, 0, 0, 0, 0, 0, 0, 0, 0, 0, 0, 0, 0, 0, 0, 0, 0, 0, 0, 0, 0, 0,
       0, 0, 0, 0, 0, 0, 0, 0, 0, 0, 0, 0, 0, 0, 0, 0, 0, 0, 255, 0, 0,
       0, 0, 0, 0, 0, 255, 255, 255, 255, 255, 248, 255, 255, 255, 0, 0,
       0, 0, 0, 255, 159, 255, 0, 255, 215, 255, 255, 255, 255, 255, 0,
       0, 0, 0, 0, 255, 95, 255, 24, 255, 0, 255, 255, 255, 255, 202, 0,
       0, 0, 0, 0, 159, 159, 217, 0, 8, 255, 0, 255, 255, 255, 0, 0, 0,
       0, 0, 0, 0, 255, 255, 255, 0, 255, 255, 255, 100, 100, 0, 0, 0, 0,
       0, 0, 144, 255, 255, 231, 255, 255, 0, 255, 0, 255, 0, 0, 0, 0, 0,
       0, 215, 95, 220, 255, 0, 255, 215, 0, 0, 0, 0, 0, 0, 0, 0, 0, 130,
       255, 255, 255, 255, 255, 56, 0, 220, 0, 0, 0, 0, 0, 0, 0, 95, 255,
       255, 255, 183, 255, 255, 246, 0, 0, 0, 0, 0, 0, 0, 0, 167, 255,
       178, 0, 0, 255, 0, 0, 0, 0, 0, 0, 0, 0, 0, 0, 255, 0, 132, 0, 0,
       0, 0, 0, 0, 0, 0, 0, 0, 0, 0, 0, 204, 0, 0, 0, 135, 0, 0, 0, 0, 0,
       0, 0, 0 ]
