%YAML:1.0
letter: 97
mat: !!opencv-matrix
   rows: 1
   cols: 256
   dt: u
   data: [ 0, 0, 0, 0, 0, 0, 0, 0, 0, 0, 0, 0, 0, 0, 0, 0, 0, 0, 0, 0, 0,
       0, 0, 0, 0, 0, 0, 0, 0, 0, 0, 0, 0, 0, 0, 0, 0, 0, 0, 0, 0, 0, 0,
       0, 0, 0, 0, 0, 0, 0, 0, 0, 0, 0, 0, 48, 255, 45, 0, 255, 255, 0,
       0, 0, 0, 0, 0, 0, 246, 138, 255, 255, 255, 255, 255, 255, 0, 0, 0,
       0, 0, 0, 0, 112, 255, 0, 255, 255, 255, 255, 112, 255, 0, 0, 0, 0,
       0, 0, 0, 255, 0, 255, 255, 255, 255, 255, 143, 255, 0, 0, 0, 0, 0,
       0, 0, 255, 142, 255, 255, 255, 255, 244, 255, 255, 0, 0, 0, 0, 0,
       0, 0, 255, 255, 178, 255, 255, 255, 75, 0, 255, 0, 0, 0, 0, 0, 0,
       0, 255, 255, 255, 255, 255, 255, 255, 0, 0, 0, 0, 0, 0, 0, 0, 0,
       255, 255, 255, 255, 255, 255, 0, 0, 0, 0, 0, 0, 0, 0, 0, 0, 255,
       255, 255, 255, 255, 255, 255, 0, 0, 0, 0, 0, 0, 0, 0, 0, 255, 255,
       255, 255, 255, 255, 0, 0, 0, 0, 0, 0, 0, 0, 0, 0, 255, 255, 255,
       255, 255, 0, 0, 0, 0, 0, 0, 0, 0, 0, 0, 0, 255, 255, 255, 255,
       255, 0, 0, 0, 0, 0, 0, 0, 0, 0, 0, 0, 255, 255, 255, 255, 255, 0,
       0, 0, 0, 0, 0, 0, 0 ]
