%YAML:1.0
letter: 97
mat: !!opencv-matrix
   rows: 1
   cols: 256
   dt: u
   data: [ 0, 0, 0, 0, 0, 0, 0, 0, 0, 0, 0, 0, 0, 0, 0, 0, 0, 0, 0, 0, 0,
       0, 0, 0, 0, 0, 0, 0, 0, 0, 0, 0, 0, 0, 0, 0, 0, 0, 0, 0, 0, 0, 0,
       0, 0, 0, 0, 0, 0, 0, 0, 0, 0, 0, 0, 0, 0, 0, 0, 0, 8, 255, 0, 0,
       0, 0, 0, 0, 0, 247, 252, 6, 255, 247, 255, 135, 255, 255, 0, 0, 0,
       0, 0, 255, 151, 255, 167, 232, 255, 0, 255, 206, 255, 0, 0, 0, 0,
       0, 0, 255, 255, 255, 87, 31, 255, 255, 255, 141, 255, 0, 0, 0, 0,
       0, 0, 72, 0, 0, 88, 56, 255, 255, 17, 169, 255, 0, 0, 0, 0, 0, 0,
       183, 255, 255, 255, 56, 72, 255, 89, 0, 255, 0, 0, 0, 0, 0, 0, 0,
       255, 215, 26, 224, 40, 255, 0, 101, 0, 0, 0, 0, 0, 0, 0, 255, 255,
       255, 156, 222, 151, 151, 245, 0, 0, 0, 0, 0, 0, 0, 0, 8, 255, 8,
       5, 0, 0, 0, 0, 0, 0, 0, 0, 0, 0, 0, 0, 0, 255, 0, 0, 26, 135, 0,
       0, 0, 0, 0, 0, 0, 0, 0, 0, 255, 0, 0, 0, 0, 0, 0, 0, 0, 0, 0, 0,
       0, 0, 0, 0, 0, 0, 0, 110, 0, 0, 0, 0, 0, 0, 0, 0, 0, 0, 0, 0, 56,
       0, 0, 87, 44, 0, 0, 0, 0, 0, 0, 0, 0 ]
