%YAML:1.0
letter: 97
mat: !!opencv-matrix
   rows: 1
   cols: 256
   dt: u
   data: [ 0, 0, 0, 0, 0, 0, 0, 0, 0, 0, 0, 0, 0, 0, 0, 0, 0, 0, 0, 0, 0,
       0, 0, 0, 0, 0, 0, 0, 0, 0, 0, 0, 0, 0, 0, 0, 0, 0, 0, 0, 0, 0, 0,
       0, 0, 0, 0, 0, 0, 0, 0, 0, 0, 0, 0, 0, 0, 0, 0, 0, 0, 0, 0, 0, 0,
       0, 0, 0, 0, 88, 255, 255, 255, 167, 255, 255, 0, 255, 255, 0, 0,
       0, 0, 255, 255, 255, 0, 255, 0, 255, 255, 255, 255, 255, 0, 0, 0,
       0, 0, 255, 255, 183, 36, 255, 0, 255, 255, 0, 255, 255, 0, 0, 0,
       0, 0, 255, 0, 0, 255, 255, 255, 255, 255, 255, 231, 0, 0, 0, 0, 0,
       0, 24, 255, 255, 231, 255, 255, 255, 255, 24, 255, 0, 0, 0, 0, 0,
       0, 183, 0, 0, 0, 255, 72, 0, 255, 0, 0, 0, 0, 0, 0, 0, 0, 120,
       255, 255, 0, 0, 255, 255, 0, 0, 0, 0, 0, 0, 0, 0, 0, 255, 255,
       255, 167, 167, 255, 255, 0, 0, 0, 0, 0, 0, 0, 0, 0, 40, 255, 255,
       255, 215, 40, 215, 40, 0, 0, 0, 0, 0, 0, 0, 0, 247, 255, 255, 0,
       0, 0, 8, 0, 0, 0, 0, 0, 0, 0, 0, 0, 56, 255, 255, 0, 56, 0, 0, 0,
       0, 0, 0, 0, 0, 0, 0, 0, 255, 0, 0, 0, 151, 0, 0, 0, 0, 0, 0, 0, 0 ]
