%YAML:1.0
letter: 97
mat: !!opencv-matrix
   rows: 1
   cols: 256
   dt: u
   data: [ 0, 0, 0, 0, 0, 0, 0, 0, 0, 0, 0, 0, 0, 0, 0, 0, 0, 0, 0, 0, 0,
       0, 0, 0, 0, 0, 0, 0, 0, 0, 0, 0, 0, 0, 0, 0, 0, 0, 0, 0, 0, 0, 0,
       0, 0, 0, 0, 0, 0, 0, 0, 0, 0, 0, 0, 255, 255, 40, 255, 0, 255,
       255, 0, 0, 0, 0, 0, 0, 255, 164, 255, 255, 255, 0, 255, 255, 255,
       0, 0, 0, 0, 0, 0, 255, 255, 255, 159, 0, 255, 255, 255, 255, 255,
       0, 0, 0, 0, 0, 0, 255, 255, 255, 255, 255, 255, 255, 255, 255,
       135, 0, 0, 0, 0, 0, 0, 255, 255, 255, 255, 255, 255, 255, 255, 0,
       135, 0, 0, 0, 0, 0, 0, 255, 255, 255, 255, 0, 232, 255, 0, 0, 0,
       0, 0, 0, 0, 0, 0, 255, 255, 255, 255, 255, 255, 0, 0, 0, 0, 0, 0,
       0, 0, 0, 0, 0, 255, 255, 255, 255, 255, 255, 159, 0, 0, 0, 0, 0,
       0, 0, 0, 0, 255, 255, 255, 255, 0, 0, 0, 0, 0, 0, 0, 0, 0, 0, 0,
       0, 255, 255, 32, 223, 0, 0, 0, 0, 0, 0, 0, 0, 0, 0, 0, 0, 255, 95,
       159, 0, 140, 0, 0, 0, 0, 0, 0, 0, 0, 0, 0, 0, 255, 0, 0, 96, 0, 0,
       0, 0, 0, 0, 0, 0, 0, 0, 0, 32, 224, 0, 32, 232, 0, 0, 0, 0, 0, 0,
       0, 0 ]
