%YAML:1.0
letter: 97
mat: !!opencv-matrix
   rows: 1
   cols: 256
   dt: u
   data: [ 0, 0, 0, 0, 0, 0, 0, 0, 0, 0, 0, 0, 0, 0, 0, 0, 0, 0, 0, 0, 0,
       0, 0, 0, 0, 0, 0, 0, 0, 0, 0, 0, 0, 0, 0, 0, 0, 0, 0, 0, 0, 0, 0,
       0, 0, 0, 0, 0, 0, 0, 0, 0, 0, 0, 10, 255, 255, 255, 0, 0, 0, 0, 0,
       0, 0, 0, 0, 0, 255, 255, 32, 129, 18, 255, 255, 255, 0, 255, 255,
       0, 0, 0, 0, 255, 0, 48, 175, 255, 42, 255, 255, 255, 0, 255, 0, 0,
       0, 0, 0, 96, 255, 255, 115, 255, 255, 255, 255, 105, 255, 255, 0,
       0, 0, 0, 0, 0, 225, 255, 101, 255, 126, 0, 255, 239, 32, 0, 0, 0,
       0, 0, 0, 0, 211, 255, 79, 255, 111, 153, 0, 0, 255, 0, 0, 0, 0, 0,
       0, 255, 255, 255, 255, 0, 255, 255, 96, 99, 0, 0, 0, 0, 0, 0, 0,
       255, 255, 255, 80, 255, 111, 0, 0, 0, 0, 0, 0, 0, 0, 0, 0, 223,
       255, 255, 255, 111, 129, 255, 0, 0, 0, 0, 0, 0, 0, 0, 0, 32, 255,
       42, 22, 241, 143, 0, 0, 0, 0, 0, 0, 0, 0, 0, 0, 0, 149, 0, 0, 159,
       0, 0, 0, 0, 0, 0, 0, 0, 0, 0, 0, 159, 0, 78, 110, 0, 0, 0, 0, 0,
       0, 0, 0, 0, 0, 0, 0, 255, 0, 0, 0, 0, 0, 0, 0, 0, 0, 0, 0, 0 ]
