%YAML:1.0
letter: 97
mat: !!opencv-matrix
   rows: 1
   cols: 256
   dt: u
   data: [ 0, 0, 0, 0, 0, 0, 0, 0, 0, 0, 0, 0, 0, 0, 0, 0, 0, 0, 0, 0, 0,
       0, 0, 0, 0, 0, 0, 0, 0, 0, 0, 0, 0, 0, 0, 0, 0, 0, 0, 0, 0, 0, 0,
       0, 0, 0, 0, 0, 0, 0, 0, 0, 0, 0, 0, 255, 255, 255, 0, 0, 255, 255,
       0, 0, 0, 0, 0, 0, 255, 231, 255, 255, 255, 255, 199, 255, 255, 0,
       0, 0, 0, 0, 0, 255, 255, 56, 255, 255, 40, 255, 0, 255, 255, 0, 0,
       0, 0, 0, 0, 151, 255, 255, 255, 255, 255, 255, 255, 255, 0, 0, 0,
       0, 0, 0, 0, 255, 0, 255, 255, 255, 255, 215, 168, 255, 0, 0, 0, 0,
       0, 0, 0, 255, 255, 255, 255, 255, 255, 255, 0, 255, 0, 0, 0, 0, 0,
       0, 0, 255, 255, 255, 255, 255, 255, 72, 0, 0, 0, 0, 0, 0, 0, 0, 0,
       255, 255, 255, 255, 255, 255, 255, 0, 0, 0, 0, 0, 0, 0, 0, 0, 255,
       255, 255, 255, 255, 255, 255, 0, 0, 0, 0, 0, 0, 0, 0, 0, 151, 255,
       255, 255, 255, 255, 0, 0, 0, 0, 0, 0, 0, 0, 0, 0, 212, 255, 255,
       255, 255, 194, 0, 0, 0, 0, 0, 0, 0, 0, 0, 0, 147, 255, 255, 255,
       255, 0, 0, 0, 0, 0, 0, 0, 0, 0, 0, 0, 187, 255, 255, 255, 255, 0,
       0, 0, 0, 0, 0, 0, 0 ]
