%YAML:1.0
letter: 97
mat: !!opencv-matrix
   rows: 1
   cols: 256
   dt: u
   data: [ 0, 0, 0, 0, 0, 0, 0, 0, 0, 0, 0, 0, 0, 0, 0, 0, 0, 0, 0, 0, 0,
       0, 0, 0, 0, 0, 0, 0, 0, 0, 0, 0, 0, 0, 0, 0, 0, 0, 0, 0, 0, 0, 0,
       0, 0, 0, 0, 0, 0, 0, 0, 0, 0, 0, 0, 0, 0, 0, 0, 0, 0, 0, 0, 0, 0,
       0, 0, 0, 0, 255, 211, 255, 255, 127, 255, 171, 0, 255, 255, 0, 0,
       0, 0, 0, 187, 255, 60, 255, 127, 255, 255, 187, 187, 255, 0, 0, 0,
       0, 0, 163, 255, 92, 255, 255, 255, 255, 255, 127, 255, 255, 0, 0,
       0, 0, 0, 243, 255, 255, 243, 255, 255, 243, 255, 255, 255, 0, 0,
       0, 0, 0, 0, 116, 139, 243, 127, 255, 255, 255, 255, 127, 255, 0,
       0, 0, 0, 0, 0, 127, 92, 255, 0, 255, 92, 0, 127, 0, 255, 0, 0, 0,
       0, 0, 0, 135, 255, 255, 0, 0, 195, 127, 0, 0, 0, 0, 0, 0, 0, 0, 0,
       127, 255, 255, 255, 255, 255, 211, 0, 84, 0, 0, 0, 0, 0, 0, 0,
       255, 255, 255, 127, 108, 147, 147, 235, 0, 0, 0, 0, 0, 0, 0, 0,
       255, 131, 255, 255, 0, 255, 131, 0, 0, 0, 0, 0, 0, 0, 0, 0, 100,
       0, 127, 0, 155, 0, 0, 0, 0, 0, 0, 0, 0, 0, 0, 0, 203, 0, 52, 0,
       52, 0, 0, 0, 0, 0, 0, 0, 0 ]
