%YAML:1.0
letter: 97
mat: !!opencv-matrix
   rows: 1
   cols: 256
   dt: u
   data: [ 0, 0, 0, 0, 0, 0, 0, 0, 0, 0, 0, 0, 0, 0, 0, 0, 0, 0, 0, 0, 0,
       0, 0, 0, 0, 0, 0, 0, 0, 0, 0, 0, 0, 0, 0, 0, 0, 0, 0, 0, 0, 0, 0,
       0, 0, 0, 0, 0, 0, 0, 0, 0, 0, 0, 0, 22, 255, 253, 255, 0, 0, 0, 0,
       0, 0, 0, 0, 0, 255, 255, 255, 255, 255, 255, 255, 0, 0, 255, 255,
       0, 0, 0, 0, 48, 255, 255, 255, 255, 50, 255, 255, 0, 255, 255, 0,
       0, 0, 0, 0, 48, 255, 255, 16, 255, 255, 0, 255, 255, 255, 0, 0, 0,
       0, 0, 0, 255, 255, 255, 255, 255, 255, 255, 0, 32, 207, 0, 0, 0,
       0, 0, 0, 74, 255, 255, 0, 255, 255, 255, 32, 0, 74, 0, 0, 0, 0, 0,
       0, 48, 255, 255, 255, 255, 255, 0, 0, 0, 0, 0, 0, 0, 0, 0, 0, 0,
       255, 255, 255, 255, 255, 255, 0, 0, 0, 0, 0, 0, 0, 0, 0, 0, 255,
       255, 255, 255, 245, 255, 0, 0, 0, 0, 0, 0, 0, 0, 0, 32, 255, 255,
       255, 101, 0, 0, 0, 0, 0, 0, 0, 0, 0, 0, 0, 107, 255, 0, 0, 175, 0,
       0, 0, 0, 0, 0, 0, 0, 0, 0, 0, 18, 255, 0, 0, 50, 0, 0, 0, 0, 0, 0,
       0, 0, 0, 0, 0, 249, 255, 223, 223, 0, 0, 0, 0, 0, 0, 0, 0, 0 ]
