%YAML:1.0
letter: 97
mat: !!opencv-matrix
   rows: 1
   cols: 256
   dt: u
   data: [ 0, 0, 0, 0, 0, 0, 0, 0, 0, 0, 0, 0, 0, 0, 0, 0, 0, 0, 0, 0, 0,
       0, 0, 0, 0, 0, 0, 0, 0, 0, 0, 0, 0, 0, 0, 0, 0, 0, 0, 0, 0, 0, 0,
       0, 0, 0, 0, 0, 0, 0, 0, 0, 0, 0, 0, 0, 0, 0, 0, 0, 0, 255, 62, 0,
       0, 0, 0, 0, 238, 255, 0, 72, 40, 217, 255, 255, 255, 255, 0, 0, 0,
       0, 0, 151, 255, 167, 167, 255, 40, 88, 255, 255, 255, 230, 0, 0,
       0, 0, 0, 193, 137, 255, 104, 255, 231, 255, 255, 255, 255, 0, 0,
       0, 0, 0, 0, 184, 255, 255, 0, 255, 135, 0, 255, 135, 255, 0, 0, 0,
       0, 0, 0, 175, 244, 255, 0, 255, 0, 120, 0, 0, 255, 0, 0, 0, 0, 0,
       0, 104, 255, 104, 0, 0, 255, 184, 56, 0, 0, 0, 0, 0, 0, 0, 0, 151,
       255, 255, 255, 88, 255, 119, 150, 88, 0, 0, 0, 0, 0, 0, 0, 255,
       255, 255, 255, 0, 215, 135, 215, 0, 0, 0, 0, 0, 0, 0, 0, 23, 19,
       0, 0, 255, 0, 26, 0, 0, 0, 0, 0, 0, 0, 0, 0, 255, 195, 0, 0, 255,
       0, 0, 0, 0, 0, 0, 0, 0, 0, 0, 166, 0, 0, 0, 0, 0, 0, 0, 0, 0, 0,
       0, 0, 0, 0, 0, 0, 151, 0, 0, 0, 8, 0, 0, 0, 0, 0, 0, 0, 0 ]
