%YAML:1.0
letter: 97
mat: !!opencv-matrix
   rows: 1
   cols: 256
   dt: u
   data: [ 0, 0, 0, 0, 0, 0, 0, 0, 0, 0, 0, 0, 0, 0, 0, 0, 0, 0, 0, 0, 0,
       0, 0, 0, 0, 0, 0, 0, 0, 0, 0, 0, 0, 0, 0, 0, 0, 0, 0, 0, 0, 0, 0,
       0, 0, 0, 0, 0, 0, 0, 0, 0, 0, 0, 0, 0, 49, 0, 0, 0, 0, 0, 143, 0,
       0, 0, 0, 0, 255, 255, 255, 255, 143, 156, 255, 120, 0, 255, 255,
       0, 0, 0, 0, 175, 80, 15, 121, 178, 45, 255, 255, 255, 255, 255, 0,
       0, 0, 0, 0, 255, 239, 255, 33, 255, 255, 255, 255, 255, 255, 0, 0,
       0, 0, 0, 0, 0, 255, 210, 79, 255, 7, 5, 255, 255, 255, 0, 0, 0, 0,
       0, 0, 0, 239, 255, 75, 255, 113, 180, 0, 0, 255, 0, 0, 0, 0, 0, 0,
       207, 255, 246, 79, 0, 91, 255, 0, 45, 0, 0, 0, 0, 0, 0, 0, 255,
       255, 255, 255, 255, 255, 55, 0, 0, 0, 0, 0, 0, 0, 0, 0, 112, 255,
       255, 255, 112, 206, 175, 48, 0, 0, 0, 0, 0, 0, 0, 0, 112, 0, 234,
       99, 192, 0, 0, 0, 0, 0, 0, 0, 0, 0, 0, 0, 255, 250, 0, 0, 0, 0, 0,
       0, 0, 0, 0, 0, 0, 0, 0, 207, 0, 0, 0, 112, 0, 0, 0, 0, 0, 0, 0, 0,
       0, 0, 0, 255, 255, 0, 0, 0, 0, 0, 0, 0, 0, 0, 0, 0, 0 ]
