%YAML:1.0
letter: 97
mat: !!opencv-matrix
   rows: 1
   cols: 256
   dt: u
   data: [ 0, 0, 0, 0, 0, 0, 0, 0, 0, 0, 0, 0, 0, 0, 0, 0, 0, 0, 0, 0, 0,
       0, 0, 0, 0, 0, 0, 0, 0, 0, 0, 0, 0, 0, 0, 0, 0, 0, 0, 0, 0, 0, 0,
       0, 0, 0, 0, 0, 0, 0, 0, 0, 0, 0, 0, 0, 0, 0, 0, 0, 255, 255, 0, 0,
       0, 0, 0, 0, 0, 255, 145, 105, 167, 255, 175, 255, 255, 255, 0, 0,
       0, 0, 0, 0, 255, 135, 0, 149, 255, 255, 255, 255, 255, 255, 0, 0,
       0, 0, 0, 255, 183, 0, 135, 255, 255, 255, 231, 255, 255, 0, 0, 0,
       0, 0, 0, 255, 231, 255, 255, 236, 204, 0, 255, 255, 255, 0, 0, 0,
       0, 0, 0, 231, 255, 24, 239, 74, 255, 255, 255, 13, 8, 0, 0, 0, 0,
       0, 0, 183, 0, 72, 0, 255, 72, 0, 24, 38, 247, 0, 0, 0, 0, 0, 0, 0,
       255, 255, 0, 0, 255, 0, 24, 0, 0, 0, 0, 0, 0, 0, 0, 255, 255, 255,
       58, 255, 167, 255, 0, 119, 0, 0, 0, 0, 0, 0, 0, 255, 215, 255,
       255, 255, 215, 40, 255, 0, 0, 0, 0, 0, 0, 0, 0, 247, 255, 255, 87,
       54, 255, 255, 0, 0, 0, 0, 0, 0, 0, 0, 0, 255, 0, 199, 0, 0, 0, 0,
       0, 0, 0, 0, 0, 0, 0, 0, 0, 104, 0, 0, 0, 118, 0, 0, 0, 0, 0, 0, 0,
       0 ]
