%YAML:1.0
letter: 97
mat: !!opencv-matrix
   rows: 1
   cols: 256
   dt: u
   data: [ 0, 0, 0, 0, 0, 0, 0, 0, 0, 0, 0, 0, 0, 0, 0, 0, 0, 0, 0, 0, 0,
       0, 0, 0, 0, 0, 0, 0, 0, 0, 0, 0, 0, 0, 0, 0, 0, 0, 0, 0, 0, 0, 0,
       0, 0, 0, 0, 0, 0, 0, 0, 0, 0, 0, 0, 0, 0, 0, 0, 0, 0, 255, 0, 0,
       0, 0, 0, 0, 0, 0, 255, 110, 255, 255, 255, 255, 255, 5, 0, 0, 0,
       0, 0, 0, 108, 255, 160, 255, 0, 255, 17, 255, 255, 8, 0, 0, 0, 0,
       0, 255, 255, 0, 246, 255, 255, 255, 255, 255, 255, 0, 0, 0, 0, 0,
       0, 255, 222, 255, 69, 255, 0, 255, 255, 255, 255, 0, 0, 0, 0, 0,
       0, 96, 255, 255, 140, 255, 0, 0, 159, 0, 255, 0, 0, 0, 0, 0, 0,
       255, 77, 255, 183, 231, 0, 32, 0, 0, 255, 0, 0, 0, 0, 0, 0, 255,
       255, 255, 32, 0, 255, 0, 0, 0, 0, 0, 0, 0, 0, 0, 0, 81, 255, 255,
       228, 87, 255, 0, 0, 0, 0, 0, 0, 0, 0, 0, 0, 134, 255, 255, 228,
       255, 0, 255, 255, 0, 0, 0, 0, 0, 0, 0, 0, 0, 255, 136, 223, 0,
       223, 223, 0, 0, 0, 0, 0, 0, 0, 0, 0, 228, 0, 0, 0, 0, 0, 0, 0, 0,
       0, 0, 0, 0, 0, 0, 0, 215, 0, 0, 0, 110, 0, 0, 0, 0, 0, 0, 0, 0 ]
