%YAML:1.0
letter: 97
mat: !!opencv-matrix
   rows: 1
   cols: 256
   dt: u
   data: [ 0, 0, 0, 0, 0, 0, 0, 0, 0, 0, 0, 0, 0, 0, 0, 0, 0, 0, 0, 0, 0,
       0, 0, 0, 0, 0, 0, 0, 0, 0, 0, 0, 0, 0, 0, 0, 0, 0, 0, 0, 0, 0, 0,
       0, 0, 0, 0, 0, 0, 0, 0, 0, 0, 0, 0, 0, 0, 0, 0, 0, 0, 255, 0, 0,
       0, 0, 0, 0, 113, 119, 129, 255, 255, 255, 255, 255, 255, 255, 0,
       0, 0, 0, 0, 252, 162, 135, 188, 255, 255, 255, 255, 255, 255, 0,
       0, 0, 0, 0, 0, 40, 0, 188, 255, 255, 255, 0, 255, 143, 255, 0, 0,
       0, 0, 0, 0, 255, 0, 48, 241, 192, 48, 255, 255, 255, 255, 0, 0, 0,
       0, 0, 0, 175, 119, 255, 220, 4, 255, 255, 48, 255, 255, 0, 0, 0,
       0, 0, 0, 161, 94, 67, 152, 112, 0, 255, 0, 0, 0, 0, 0, 0, 0, 0, 0,
       252, 255, 255, 243, 24, 255, 0, 239, 0, 0, 0, 0, 0, 0, 0, 0, 255,
       255, 255, 206, 24, 255, 0, 80, 0, 0, 0, 0, 0, 0, 0, 0, 27, 27,
       255, 0, 72, 255, 255, 0, 0, 0, 0, 0, 0, 0, 0, 0, 255, 0, 0, 67, 0,
       239, 0, 0, 0, 0, 0, 0, 0, 0, 0, 0, 0, 0, 0, 183, 130, 0, 0, 0, 0,
       0, 0, 0, 0, 0, 0, 0, 0, 0, 0, 0, 24, 0, 0, 0, 0, 0, 0, 0, 0 ]
