%YAML:1.0
letter: 97
mat: !!opencv-matrix
   rows: 1
   cols: 256
   dt: u
   data: [ 0, 0, 0, 0, 0, 0, 0, 0, 0, 0, 0, 0, 0, 0, 0, 0, 0, 0, 0, 0, 0,
       0, 0, 0, 0, 0, 0, 0, 0, 0, 0, 0, 0, 0, 0, 0, 0, 0, 0, 0, 0, 0, 0,
       255, 223, 0, 0, 0, 0, 0, 0, 0, 0, 0, 0, 80, 255, 255, 0, 255, 0,
       0, 0, 0, 0, 0, 0, 0, 32, 255, 255, 255, 255, 255, 255, 255, 0, 0,
       0, 0, 0, 0, 0, 253, 255, 255, 255, 255, 255, 255, 255, 255, 0, 0,
       0, 0, 0, 0, 0, 255, 255, 255, 255, 255, 255, 255, 0, 255, 0, 0, 0,
       0, 0, 0, 0, 255, 0, 255, 255, 255, 255, 255, 0, 255, 0, 0, 0, 0,
       0, 0, 0, 255, 255, 0, 255, 48, 0, 255, 0, 213, 0, 0, 0, 0, 0, 0,
       0, 255, 255, 255, 143, 255, 255, 255, 143, 0, 0, 0, 0, 0, 0, 0, 0,
       225, 255, 255, 255, 255, 239, 155, 0, 0, 0, 0, 0, 239, 0, 0, 0,
       175, 255, 255, 255, 255, 255, 255, 0, 0, 0, 0, 0, 0, 0, 0, 0, 245,
       255, 255, 255, 255, 255, 0, 0, 0, 0, 0, 0, 0, 0, 0, 0, 255, 255,
       255, 255, 255, 0, 0, 0, 0, 0, 0, 0, 0, 0, 0, 0, 237, 255, 255,
       255, 255, 0, 0, 0, 0, 0, 0, 0, 0, 0, 0, 0, 255, 255, 255, 255,
       255, 0, 0, 0, 0, 0, 0, 0, 0 ]
