%YAML:1.0
letter: 97
mat: !!opencv-matrix
   rows: 1
   cols: 256
   dt: u
   data: [ 0, 0, 0, 0, 0, 0, 0, 0, 0, 0, 0, 0, 0, 0, 0, 0, 0, 0, 0, 0, 0,
       0, 0, 0, 0, 0, 0, 0, 0, 0, 0, 0, 0, 0, 0, 0, 0, 0, 0, 0, 0, 0, 0,
       0, 0, 0, 0, 0, 0, 0, 0, 0, 0, 0, 0, 0, 0, 0, 0, 0, 183, 255, 0, 0,
       0, 0, 0, 0, 0, 0, 255, 56, 0, 255, 213, 255, 255, 205, 0, 0, 0, 0,
       0, 0, 215, 215, 191, 255, 215, 94, 191, 40, 255, 255, 0, 0, 0, 0,
       0, 255, 255, 0, 76, 255, 231, 255, 237, 255, 255, 0, 0, 0, 0, 0,
       0, 255, 255, 255, 247, 255, 0, 193, 255, 255, 255, 0, 0, 0, 0, 0,
       0, 255, 8, 191, 62, 0, 0, 255, 255, 0, 0, 0, 0, 0, 0, 0, 0, 0,
       231, 0, 6, 255, 255, 0, 255, 0, 255, 0, 0, 0, 0, 0, 0, 255, 255,
       94, 54, 215, 255, 0, 0, 0, 0, 0, 0, 0, 0, 0, 0, 255, 255, 255,
       191, 255, 255, 50, 0, 56, 0, 0, 0, 0, 0, 0, 0, 255, 255, 255, 201,
       255, 255, 255, 255, 0, 0, 0, 0, 0, 0, 0, 0, 88, 167, 0, 22, 167,
       255, 0, 0, 0, 0, 0, 0, 0, 0, 0, 0, 255, 0, 0, 0, 0, 0, 0, 0, 0, 0,
       0, 0, 0, 0, 0, 0, 255, 0, 102, 0, 0, 0, 0, 0, 0, 0, 0, 0, 0 ]
