%YAML:1.0
letter: 97
mat: !!opencv-matrix
   rows: 1
   cols: 256
   dt: u
   data: [ 0, 0, 0, 0, 0, 0, 0, 0, 0, 0, 0, 0, 0, 0, 0, 0, 0, 0, 0, 0, 0,
       0, 0, 0, 0, 0, 0, 0, 0, 0, 0, 0, 0, 0, 0, 0, 0, 0, 0, 0, 0, 0, 0,
       0, 0, 0, 0, 0, 0, 0, 0, 0, 0, 0, 0, 0, 120, 0, 0, 0, 0, 0, 0, 0,
       0, 0, 0, 0, 0, 0, 255, 8, 255, 252, 255, 0, 255, 255, 0, 0, 0, 0,
       0, 19, 255, 255, 255, 255, 255, 255, 255, 0, 255, 255, 0, 0, 0, 0,
       0, 255, 228, 255, 255, 255, 255, 255, 255, 255, 255, 0, 0, 0, 0,
       0, 0, 255, 0, 255, 255, 255, 255, 255, 255, 255, 255, 0, 0, 0, 0,
       0, 0, 255, 255, 255, 255, 255, 255, 255, 255, 0, 255, 0, 0, 0, 0,
       0, 0, 255, 255, 255, 255, 0, 0, 255, 255, 0, 0, 0, 0, 0, 0, 0, 0,
       164, 255, 255, 57, 104, 255, 198, 151, 0, 0, 0, 0, 0, 0, 0, 0,
       254, 255, 255, 93, 255, 255, 3, 255, 0, 0, 0, 0, 0, 0, 0, 0, 32,
       255, 255, 255, 255, 255, 255, 0, 0, 0, 0, 0, 0, 0, 0, 0, 255, 255,
       255, 255, 255, 255, 0, 0, 0, 0, 0, 0, 0, 0, 0, 0, 255, 255, 255,
       255, 255, 255, 0, 0, 0, 0, 0, 0, 0, 0, 0, 0, 0, 255, 255, 255,
       255, 255, 0, 0, 0, 0, 0, 0, 0 ]
