%YAML:1.0
letter: 97
mat: !!opencv-matrix
   rows: 1
   cols: 256
   dt: u
   data: [ 0, 0, 0, 0, 0, 0, 0, 0, 0, 0, 0, 0, 0, 0, 0, 0, 0, 0, 0, 0, 0,
       0, 0, 0, 0, 0, 0, 0, 0, 0, 0, 0, 0, 0, 0, 0, 0, 0, 0, 0, 0, 0, 0,
       0, 0, 0, 0, 0, 0, 0, 0, 0, 0, 0, 0, 0, 255, 22, 0, 0, 0, 255, 0,
       0, 0, 0, 0, 0, 88, 255, 255, 255, 255, 255, 167, 0, 255, 255, 0,
       0, 0, 0, 0, 80, 255, 0, 255, 255, 255, 255, 255, 0, 255, 239, 0,
       0, 0, 0, 0, 80, 255, 183, 255, 255, 183, 255, 255, 255, 255, 0, 0,
       0, 0, 0, 0, 255, 255, 255, 255, 255, 255, 255, 255, 255, 255, 0,
       0, 0, 0, 0, 0, 255, 255, 255, 255, 255, 255, 255, 231, 0, 79, 0,
       0, 0, 0, 0, 0, 129, 255, 255, 255, 255, 255, 175, 0, 0, 0, 0, 0,
       0, 0, 0, 0, 80, 255, 255, 255, 255, 255, 143, 135, 0, 0, 0, 0, 0,
       0, 0, 0, 0, 255, 255, 255, 255, 255, 161, 0, 0, 0, 0, 0, 0, 0, 0,
       0, 0, 255, 255, 255, 255, 255, 0, 0, 0, 0, 0, 0, 0, 0, 0, 0, 0,
       255, 255, 255, 0, 247, 0, 0, 0, 0, 0, 0, 0, 0, 0, 0, 0, 199, 199,
       56, 255, 0, 0, 0, 0, 0, 0, 0, 0, 0, 0, 0, 0, 255, 0, 45, 255, 0,
       0, 0, 0, 0, 0, 0, 0 ]
