%YAML:1.0
letter: 97
mat: !!opencv-matrix
   rows: 1
   cols: 256
   dt: u
   data: [ 0, 0, 0, 0, 0, 0, 0, 0, 0, 0, 0, 0, 0, 0, 0, 0, 0, 0, 0, 0, 0,
       0, 0, 0, 0, 0, 0, 0, 0, 0, 0, 0, 0, 0, 0, 0, 0, 0, 0, 0, 0, 0, 0,
       0, 0, 0, 0, 0, 0, 0, 0, 0, 0, 0, 0, 223, 255, 239, 255, 0, 0, 255,
       0, 0, 0, 0, 0, 0, 255, 255, 255, 255, 255, 2, 255, 0, 255, 255, 0,
       0, 0, 0, 0, 255, 255, 255, 255, 255, 255, 255, 255, 255, 255, 0,
       0, 0, 0, 0, 0, 255, 255, 255, 255, 255, 255, 255, 255, 255, 255,
       0, 0, 0, 0, 0, 0, 255, 255, 255, 255, 255, 255, 255, 255, 0, 255,
       0, 0, 0, 0, 0, 0, 255, 255, 255, 255, 0, 223, 255, 14, 0, 0, 0, 0,
       0, 0, 0, 0, 255, 255, 255, 255, 255, 255, 0, 0, 0, 0, 0, 0, 0, 0,
       0, 0, 0, 255, 255, 255, 255, 255, 255, 111, 0, 0, 0, 0, 0, 0, 0,
       0, 0, 249, 255, 255, 255, 223, 16, 0, 0, 0, 0, 0, 0, 0, 0, 0, 223,
       255, 255, 255, 255, 0, 0, 0, 0, 0, 0, 0, 0, 0, 0, 0, 159, 255, 0,
       255, 0, 96, 0, 0, 0, 0, 0, 0, 0, 0, 0, 0, 0, 255, 54, 0, 0, 0, 0,
       0, 0, 0, 0, 0, 0, 0, 0, 0, 0, 74, 126, 32, 223, 0, 0, 0, 0, 0, 0,
       0, 0 ]
