%YAML:1.0
letter: 97
mat: !!opencv-matrix
   rows: 1
   cols: 256
   dt: u
   data: [ 0, 0, 0, 0, 0, 0, 0, 0, 0, 0, 0, 0, 0, 0, 0, 0, 0, 0, 0, 0, 0,
       0, 0, 0, 0, 0, 0, 0, 0, 0, 0, 0, 0, 0, 0, 0, 0, 0, 0, 0, 0, 0, 0,
       0, 0, 0, 0, 0, 0, 0, 0, 0, 0, 0, 0, 0, 4, 0, 0, 0, 0, 255, 200, 0,
       0, 0, 0, 0, 255, 255, 255, 0, 255, 254, 255, 255, 255, 255, 0, 0,
       0, 0, 0, 104, 255, 255, 151, 255, 255, 255, 255, 255, 255, 255, 0,
       0, 0, 0, 0, 215, 255, 255, 255, 255, 255, 255, 255, 255, 255, 0,
       0, 0, 0, 0, 0, 183, 72, 183, 255, 255, 249, 255, 255, 255, 255, 0,
       0, 0, 0, 0, 0, 72, 0, 255, 255, 255, 185, 255, 255, 0, 255, 0, 0,
       0, 0, 0, 0, 40, 255, 215, 0, 40, 0, 255, 221, 0, 183, 0, 0, 0, 0,
       0, 0, 104, 255, 255, 0, 0, 255, 118, 0, 0, 0, 0, 0, 0, 0, 0, 0, 0,
       255, 255, 247, 247, 0, 255, 255, 0, 0, 0, 0, 0, 0, 0, 0, 255, 135,
       255, 0, 0, 255, 132, 0, 0, 0, 0, 0, 0, 0, 0, 0, 255, 0, 0, 0, 24,
       7, 0, 0, 0, 0, 0, 0, 0, 0, 0, 0, 88, 0, 0, 88, 0, 0, 0, 0, 0, 0,
       0, 0, 0, 0, 0, 0, 0, 0, 0, 56, 0, 0, 0, 0, 0, 0, 0, 0, 0 ]
