%YAML:1.0
letter: 98
mat: !!opencv-matrix
   rows: 1
   cols: 256
   dt: u
   data: [ 0, 0, 0, 0, 16, 244, 0, 0, 0, 0, 0, 0, 0, 0, 0, 0, 0, 0, 0, 0,
       255, 255, 255, 0, 0, 0, 0, 0, 0, 0, 0, 0, 0, 0, 0, 121, 255, 255,
       255, 0, 0, 0, 0, 0, 0, 0, 0, 0, 0, 0, 255, 255, 255, 255, 255, 0,
       0, 0, 0, 0, 0, 0, 0, 0, 0, 0, 255, 255, 255, 255, 255, 0, 0, 0, 0,
       0, 0, 0, 0, 0, 0, 0, 255, 255, 0, 255, 0, 0, 0, 0, 0, 0, 0, 0, 0,
       0, 0, 0, 255, 228, 207, 255, 48, 0, 0, 0, 0, 0, 0, 0, 0, 0, 0, 3,
       255, 255, 255, 255, 255, 0, 0, 0, 0, 0, 0, 0, 0, 0, 0, 255, 255,
       248, 255, 0, 255, 255, 0, 0, 0, 0, 0, 0, 0, 0, 0, 216, 255, 255,
       255, 255, 255, 255, 0, 0, 0, 0, 0, 0, 0, 0, 0, 255, 255, 255, 255,
       255, 255, 255, 239, 0, 0, 0, 0, 0, 0, 0, 0, 255, 112, 255, 255,
       255, 255, 255, 0, 0, 0, 0, 0, 0, 0, 0, 0, 48, 255, 255, 255, 255,
       255, 0, 0, 0, 0, 0, 0, 0, 0, 0, 175, 0, 255, 156, 175, 175, 0, 0,
       0, 0, 0, 0, 0, 0, 0, 0, 0, 48, 255, 255, 255, 0, 0, 0, 0, 0, 0, 0,
       0, 0, 0, 0, 0, 0, 0, 7, 0, 0, 0, 0, 0, 0, 0, 0, 0, 0, 0, 0 ]
