%YAML:1.0
letter: 98
mat: !!opencv-matrix
   rows: 1
   cols: 256
   dt: u
   data: [ 0, 0, 0, 247, 255, 0, 0, 0, 0, 0, 0, 0, 0, 0, 0, 0, 0, 0, 255,
       208, 255, 255, 0, 0, 0, 0, 0, 0, 0, 0, 0, 0, 0, 0, 255, 255, 255,
       255, 0, 0, 0, 0, 0, 0, 0, 0, 0, 0, 0, 255, 255, 197, 255, 255, 0,
       0, 0, 0, 0, 0, 0, 0, 0, 0, 0, 255, 255, 255, 255, 255, 0, 0, 0, 0,
       0, 0, 0, 0, 0, 0, 0, 255, 255, 255, 255, 255, 0, 0, 0, 0, 0, 0, 0,
       0, 0, 0, 0, 255, 255, 255, 255, 255, 255, 0, 0, 0, 0, 0, 0, 0, 0,
       0, 0, 255, 255, 255, 255, 255, 174, 0, 0, 0, 0, 0, 0, 0, 0, 0, 0,
       255, 255, 255, 151, 255, 255, 104, 0, 104, 0, 0, 0, 0, 0, 0, 0,
       255, 255, 255, 255, 255, 211, 255, 0, 0, 0, 0, 0, 0, 0, 0, 0, 255,
       255, 0, 255, 255, 255, 255, 0, 8, 0, 0, 0, 0, 0, 0, 0, 255, 255,
       141, 255, 0, 0, 0, 0, 0, 0, 0, 0, 0, 0, 0, 0, 255, 255, 255, 255,
       255, 0, 0, 0, 0, 0, 0, 0, 0, 0, 0, 0, 255, 120, 255, 255, 4, 0, 0,
       0, 0, 0, 0, 0, 0, 0, 0, 0, 72, 72, 255, 72, 0, 0, 0, 0, 0, 0, 0,
       0, 0, 0, 0, 0, 0, 24, 87, 0, 0, 0, 0, 0, 0, 0, 0, 0, 0, 0, 0 ]
