%YAML:1.0
letter: 98
mat: !!opencv-matrix
   rows: 1
   cols: 256
   dt: u
   data: [ 0, 0, 0, 0, 0, 0, 255, 0, 0, 0, 0, 0, 0, 0, 0, 0, 0, 0, 0, 0,
       0, 2, 255, 0, 0, 0, 0, 0, 0, 0, 0, 0, 0, 0, 0, 0, 255, 255, 255,
       255, 0, 0, 0, 0, 0, 0, 0, 0, 0, 0, 0, 167, 241, 93, 255, 255, 0,
       0, 0, 0, 0, 0, 0, 0, 0, 0, 0, 255, 255, 255, 255, 167, 0, 0, 0, 0,
       0, 0, 0, 0, 0, 0, 0, 247, 255, 255, 255, 255, 0, 0, 0, 0, 0, 0, 0,
       0, 0, 0, 26, 255, 47, 0, 56, 255, 0, 0, 0, 0, 0, 0, 0, 0, 0, 0,
       255, 255, 255, 255, 255, 255, 0, 0, 0, 0, 0, 0, 0, 255, 0, 0, 255,
       255, 255, 100, 255, 255, 0, 0, 0, 0, 0, 0, 74, 255, 0, 56, 255,
       255, 87, 249, 255, 255, 255, 0, 0, 0, 0, 0, 255, 56, 0, 0, 255,
       255, 255, 247, 255, 255, 255, 0, 0, 0, 0, 0, 255, 255, 0, 0, 255,
       255, 255, 255, 255, 151, 0, 0, 0, 0, 14, 40, 255, 255, 0, 167,
       255, 255, 255, 170, 0, 99, 0, 0, 0, 0, 0, 255, 255, 167, 0, 0,
       191, 255, 0, 0, 0, 0, 0, 0, 0, 0, 0, 255, 97, 0, 0, 255, 255, 255,
       0, 0, 0, 0, 0, 0, 0, 0, 0, 0, 52, 0, 0, 0, 0, 0, 0, 0, 0, 0, 0, 0,
       0, 0, 0, 0, 0, 255 ]
