%YAML:1.0
letter: 98
mat: !!opencv-matrix
   rows: 1
   cols: 256
   dt: u
   data: [ 0, 0, 0, 0, 0, 255, 255, 0, 0, 0, 0, 0, 0, 0, 0, 0, 0, 0, 0,
       0, 0, 255, 255, 255, 0, 0, 0, 0, 0, 0, 0, 0, 0, 0, 0, 0, 231, 255,
       255, 255, 0, 0, 0, 0, 0, 0, 0, 0, 0, 0, 0, 255, 255, 255, 255,
       255, 0, 0, 0, 0, 0, 0, 0, 0, 0, 0, 0, 255, 255, 255, 255, 255, 0,
       0, 0, 0, 0, 0, 0, 0, 0, 0, 0, 255, 255, 255, 255, 255, 0, 0, 0, 0,
       0, 0, 0, 0, 0, 0, 0, 234, 255, 255, 255, 226, 194, 0, 0, 0, 0, 0,
       0, 0, 0, 0, 0, 135, 255, 255, 255, 255, 72, 0, 0, 0, 0, 0, 0, 0,
       0, 0, 183, 255, 255, 255, 255, 255, 255, 0, 0, 0, 0, 7, 0, 0, 0,
       0, 255, 255, 40, 255, 221, 255, 255, 0, 0, 0, 0, 0, 0, 0, 0, 0,
       104, 255, 255, 255, 215, 255, 255, 255, 0, 0, 104, 0, 0, 0, 0, 0,
       255, 139, 247, 8, 255, 255, 8, 0, 0, 0, 0, 0, 0, 0, 0, 0, 0, 255,
       255, 255, 255, 169, 0, 0, 0, 0, 0, 0, 0, 0, 0, 0, 0, 255, 255,
       255, 20, 0, 0, 0, 0, 0, 0, 0, 0, 0, 0, 0, 0, 255, 255, 88, 74, 0,
       0, 0, 0, 0, 0, 0, 0, 0, 0, 0, 0, 0, 255, 0, 0, 0, 0, 0, 0, 0, 0,
       0, 0, 0 ]
