%YAML:1.0
letter: 98
mat: !!opencv-matrix
   rows: 1
   cols: 256
   dt: u
   data: [ 0, 0, 0, 0, 0, 0, 255, 0, 0, 0, 0, 0, 0, 0, 0, 0, 0, 0, 0, 0,
       0, 251, 255, 255, 0, 0, 0, 0, 0, 0, 0, 0, 0, 0, 0, 0, 255, 151,
       255, 255, 0, 0, 0, 0, 0, 0, 0, 0, 0, 0, 0, 255, 255, 255, 255,
       255, 0, 0, 0, 0, 0, 0, 0, 0, 0, 0, 0, 255, 255, 255, 255, 255, 0,
       0, 0, 0, 0, 0, 0, 0, 0, 0, 0, 255, 255, 45, 255, 231, 0, 0, 0, 0,
       0, 0, 0, 0, 0, 0, 0, 255, 255, 255, 255, 255, 0, 0, 0, 0, 0, 0, 0,
       0, 0, 0, 255, 255, 255, 255, 255, 255, 0, 0, 0, 0, 0, 0, 0, 0, 0,
       0, 255, 255, 135, 255, 255, 255, 255, 0, 0, 0, 0, 0, 0, 0, 0, 0,
       255, 255, 255, 24, 167, 255, 255, 0, 0, 0, 0, 0, 74, 0, 0, 0, 255,
       255, 255, 255, 255, 231, 255, 0, 0, 0, 0, 0, 0, 0, 0, 0, 255, 255,
       64, 255, 255, 255, 255, 0, 0, 0, 0, 49, 0, 0, 0, 0, 247, 255, 255,
       255, 0, 0, 0, 0, 0, 0, 0, 0, 0, 0, 0, 0, 255, 255, 135, 137, 36,
       0, 0, 0, 0, 0, 0, 0, 0, 0, 0, 40, 215, 8, 255, 0, 0, 0, 0, 0, 0,
       0, 0, 0, 0, 0, 0, 0, 0, 0, 119, 0, 0, 0, 0, 0, 0, 0, 0, 0, 0, 0 ]
