%YAML:1.0
letter: 98
mat: !!opencv-matrix
   rows: 1
   cols: 256
   dt: u
   data: [ 0, 0, 0, 0, 0, 235, 255, 0, 0, 0, 0, 0, 0, 0, 0, 0, 0, 0, 0,
       0, 0, 255, 255, 255, 0, 0, 0, 0, 0, 0, 0, 0, 0, 0, 0, 255, 255,
       255, 255, 255, 0, 0, 0, 0, 0, 0, 0, 0, 0, 0, 0, 255, 255, 255,
       255, 255, 0, 0, 0, 0, 0, 0, 0, 0, 0, 0, 0, 255, 255, 255, 255,
       255, 0, 0, 0, 0, 0, 0, 0, 0, 0, 0, 255, 255, 255, 255, 255, 255,
       0, 0, 0, 0, 0, 0, 0, 0, 0, 0, 255, 255, 255, 255, 255, 255, 0, 0,
       0, 0, 0, 0, 0, 0, 0, 0, 255, 255, 255, 255, 255, 255, 0, 0, 0, 0,
       0, 0, 0, 0, 0, 255, 255, 255, 255, 255, 255, 96, 0, 0, 0, 0, 0, 0,
       0, 0, 0, 255, 255, 255, 255, 255, 255, 95, 0, 0, 0, 0, 0, 0, 0, 0,
       0, 255, 255, 255, 255, 255, 255, 255, 0, 0, 0, 0, 0, 0, 0, 0, 0,
       255, 255, 255, 255, 255, 255, 255, 0, 0, 0, 0, 0, 0, 0, 0, 0, 255,
       255, 255, 255, 255, 255, 0, 0, 0, 0, 0, 0, 0, 0, 0, 0, 255, 255,
       255, 255, 255, 255, 0, 0, 0, 0, 0, 0, 0, 0, 0, 0, 0, 0, 0, 0, 0,
       195, 0, 0, 0, 0, 0, 0, 0, 0, 0, 0, 0, 0, 0, 0, 0, 0, 0, 0, 0, 0,
       0, 0, 0, 0, 0 ]
