%YAML:1.0
letter: 98
mat: !!opencv-matrix
   rows: 1
   cols: 256
   dt: u
   data: [ 0, 0, 0, 0, 0, 0, 0, 0, 0, 0, 0, 0, 0, 0, 0, 0, 0, 0, 0, 0,
       255, 33, 0, 0, 0, 0, 0, 0, 0, 0, 0, 0, 0, 0, 0, 0, 255, 255, 255,
       0, 0, 0, 0, 0, 0, 0, 0, 0, 0, 0, 0, 255, 255, 255, 143, 0, 0, 0,
       0, 0, 0, 0, 0, 0, 0, 0, 255, 255, 255, 255, 255, 0, 0, 0, 0, 0, 0,
       0, 0, 0, 0, 0, 255, 255, 0, 255, 255, 0, 0, 0, 0, 0, 0, 0, 48,
       255, 0, 0, 255, 255, 207, 255, 0, 0, 0, 0, 0, 0, 0, 0, 255, 255,
       0, 0, 255, 255, 255, 255, 255, 225, 0, 0, 0, 0, 0, 0, 255, 255, 0,
       0, 255, 255, 255, 180, 255, 1, 0, 0, 0, 0, 0, 0, 45, 255, 0, 0,
       207, 255, 255, 255, 48, 255, 0, 0, 0, 0, 0, 0, 216, 0, 0, 0, 255,
       255, 255, 230, 255, 255, 0, 0, 0, 0, 0, 0, 255, 255, 0, 0, 255,
       255, 0, 143, 0, 239, 0, 0, 0, 0, 0, 0, 255, 0, 0, 0, 112, 0, 0, 0,
       255, 0, 0, 0, 0, 0, 0, 0, 48, 255, 0, 33, 175, 175, 0, 0, 0, 0, 0,
       0, 0, 0, 0, 0, 0, 80, 48, 0, 255, 111, 0, 0, 0, 0, 0, 0, 0, 0, 0,
       0, 9, 207, 0, 255, 16, 7, 0, 0, 0, 0, 0, 0, 0, 0, 0, 0, 0, 15 ]
