%YAML:1.0
letter: 98
mat: !!opencv-matrix
   rows: 1
   cols: 256
   dt: u
   data: [ 0, 0, 255, 255, 0, 0, 0, 0, 0, 0, 0, 0, 0, 0, 0, 0, 0, 0, 255,
       255, 255, 0, 0, 0, 0, 0, 0, 0, 0, 0, 0, 0, 0, 255, 255, 255, 255,
       255, 0, 0, 0, 0, 0, 0, 0, 0, 0, 255, 0, 255, 255, 255, 255, 255,
       0, 0, 0, 0, 0, 0, 0, 0, 0, 255, 0, 255, 255, 255, 255, 255, 0, 0,
       0, 0, 0, 0, 0, 0, 0, 0, 0, 255, 255, 255, 255, 255, 0, 0, 0, 0, 0,
       0, 0, 0, 0, 0, 0, 255, 255, 255, 255, 255, 0, 0, 0, 0, 0, 0, 0, 0,
       0, 0, 255, 255, 255, 255, 255, 255, 24, 0, 0, 0, 0, 0, 0, 0, 0, 0,
       255, 255, 255, 255, 255, 255, 255, 0, 0, 0, 0, 0, 0, 0, 0, 0, 255,
       255, 255, 255, 255, 255, 255, 0, 0, 0, 0, 0, 0, 0, 0, 0, 255, 255,
       255, 255, 255, 255, 135, 0, 0, 0, 0, 0, 0, 0, 0, 0, 0, 255, 255,
       255, 255, 255, 0, 0, 0, 0, 0, 0, 0, 0, 0, 0, 0, 255, 255, 255,
       255, 255, 0, 0, 0, 0, 0, 0, 0, 0, 0, 0, 0, 255, 255, 255, 255,
       247, 0, 0, 0, 0, 0, 0, 0, 0, 0, 0, 0, 255, 255, 255, 0, 199, 0, 0,
       0, 0, 0, 0, 0, 0, 0, 0, 0, 255, 255, 0, 104, 0, 0, 0, 0, 0, 0, 0,
       0, 0, 0, 0 ]
