%YAML:1.0
letter: 98
mat: !!opencv-matrix
   rows: 1
   cols: 256
   dt: u
   data: [ 0, 0, 0, 0, 255, 255, 0, 0, 0, 0, 0, 0, 0, 0, 0, 0, 0, 0, 0,
       0, 151, 255, 255, 0, 0, 0, 0, 0, 0, 0, 0, 0, 0, 0, 0, 0, 255, 255,
       255, 255, 0, 0, 0, 0, 0, 0, 0, 0, 0, 0, 255, 0, 0, 255, 183, 255,
       0, 0, 0, 0, 0, 0, 0, 0, 0, 0, 0, 255, 255, 56, 255, 255, 0, 0, 0,
       0, 0, 0, 0, 0, 0, 0, 255, 255, 255, 255, 0, 255, 0, 0, 0, 0, 0, 0,
       0, 255, 0, 0, 255, 255, 255, 255, 255, 255, 0, 0, 0, 0, 0, 0, 0,
       0, 0, 255, 255, 255, 255, 255, 255, 255, 0, 0, 0, 0, 0, 0, 0, 0,
       0, 247, 255, 255, 255, 255, 255, 255, 0, 0, 0, 0, 0, 0, 0, 0, 0,
       24, 255, 255, 24, 255, 255, 255, 0, 0, 0, 0, 0, 0, 0, 0, 0, 255,
       215, 255, 255, 255, 255, 255, 247, 0, 0, 0, 0, 0, 0, 0, 0, 199,
       255, 199, 255, 255, 255, 255, 0, 0, 0, 0, 0, 0, 0, 0, 0, 255, 72,
       0, 255, 255, 0, 255, 0, 0, 0, 0, 0, 0, 0, 0, 0, 255, 255, 255,
       255, 0, 0, 0, 0, 0, 0, 0, 0, 0, 0, 0, 0, 151, 0, 0, 0, 0, 255, 0,
       0, 0, 0, 0, 0, 0, 0, 0, 0, 0, 0, 0, 255, 0, 0, 0, 0, 0, 0, 0, 0,
       0, 0, 0 ]
