%YAML:1.0
letter: 98
mat: !!opencv-matrix
   rows: 1
   cols: 256
   dt: u
   data: [ 0, 0, 0, 0, 159, 223, 0, 0, 0, 0, 0, 0, 0, 0, 0, 0, 0, 0, 0,
       0, 255, 223, 255, 255, 0, 0, 0, 0, 0, 0, 0, 0, 0, 0, 0, 139, 115,
       56, 0, 32, 0, 0, 0, 0, 0, 0, 0, 0, 0, 0, 0, 100, 96, 255, 255,
       255, 0, 0, 0, 0, 0, 0, 0, 0, 0, 0, 115, 159, 255, 255, 255, 255,
       0, 0, 0, 0, 0, 0, 0, 0, 0, 0, 255, 159, 255, 255, 32, 255, 0, 0,
       0, 0, 0, 0, 0, 0, 0, 0, 255, 115, 255, 255, 255, 255, 0, 0, 0, 0,
       0, 0, 0, 0, 0, 0, 255, 255, 96, 255, 255, 255, 0, 0, 0, 0, 0, 0,
       0, 0, 0, 255, 255, 255, 195, 255, 255, 255, 0, 0, 0, 0, 0, 0, 0,
       0, 0, 255, 255, 255, 255, 255, 0, 255, 255, 0, 0, 0, 0, 0, 0, 0,
       0, 255, 255, 255, 171, 255, 255, 32, 255, 0, 0, 0, 0, 0, 0, 0, 0,
       159, 255, 96, 155, 255, 255, 0, 96, 0, 0, 0, 0, 0, 0, 0, 0, 96,
       255, 255, 0, 243, 255, 0, 0, 0, 0, 0, 0, 0, 0, 0, 0, 0, 255, 255,
       171, 0, 0, 0, 0, 0, 0, 0, 0, 0, 0, 0, 0, 0, 0, 0, 0, 28, 0, 0, 0,
       0, 0, 0, 0, 0, 0, 0, 0, 0, 0, 0, 0, 0, 0, 0, 0, 0, 0, 0, 0, 0, 0,
       0 ]
