%YAML:1.0
letter: 98
mat: !!opencv-matrix
   rows: 1
   cols: 256
   dt: u
   data: [ 0, 0, 0, 0, 255, 0, 0, 0, 0, 0, 0, 0, 0, 0, 0, 0, 0, 0, 0,
       255, 244, 48, 230, 0, 0, 0, 0, 0, 0, 0, 0, 0, 0, 0, 255, 48, 239,
       216, 255, 0, 0, 0, 0, 0, 0, 0, 0, 0, 0, 0, 255, 255, 255, 255,
       255, 111, 0, 0, 0, 0, 0, 0, 0, 0, 0, 0, 255, 255, 240, 255, 255,
       248, 0, 0, 0, 0, 0, 0, 0, 0, 0, 0, 255, 255, 239, 255, 255, 255,
       0, 0, 0, 0, 0, 0, 0, 0, 0, 255, 0, 255, 16, 112, 255, 210, 0, 0,
       0, 0, 0, 0, 0, 0, 0, 255, 255, 255, 255, 112, 255, 112, 0, 0, 0,
       0, 0, 0, 0, 0, 0, 255, 255, 255, 246, 255, 255, 255, 0, 0, 0, 0,
       0, 0, 0, 0, 0, 255, 255, 255, 255, 207, 255, 255, 143, 0, 0, 0, 0,
       0, 0, 0, 0, 255, 255, 207, 61, 246, 255, 255, 255, 0, 0, 0, 0, 0,
       0, 0, 0, 0, 255, 255, 15, 13, 255, 120, 0, 0, 0, 0, 0, 0, 0, 0, 0,
       255, 255, 0, 255, 210, 175, 7, 0, 0, 0, 0, 0, 0, 0, 0, 0, 255,
       255, 255, 0, 207, 0, 0, 0, 0, 0, 0, 0, 0, 0, 0, 0, 80, 0, 80, 0,
       157, 80, 0, 0, 0, 0, 0, 0, 0, 0, 0, 0, 0, 0, 0, 9, 0, 0, 0, 0, 0,
       0, 0, 0, 0, 0, 0 ]
