%YAML:1.0
letter: 98
mat: !!opencv-matrix
   rows: 1
   cols: 256
   dt: u
   data: [ 0, 0, 0, 0, 0, 0, 0, 0, 0, 0, 0, 0, 0, 0, 0, 0, 0, 0, 0, 0, 0,
       255, 255, 0, 0, 0, 0, 0, 0, 0, 0, 0, 0, 0, 0, 0, 255, 255, 255, 0,
       0, 0, 0, 0, 0, 0, 0, 0, 0, 0, 255, 151, 231, 255, 255, 255, 0, 0,
       0, 0, 0, 0, 147, 0, 0, 0, 248, 255, 255, 255, 255, 255, 0, 0, 0,
       0, 0, 0, 224, 0, 0, 0, 255, 255, 255, 255, 255, 255, 0, 0, 0, 0,
       0, 0, 0, 0, 0, 0, 255, 255, 255, 255, 255, 255, 0, 0, 0, 0, 0, 0,
       0, 0, 0, 0, 255, 255, 36, 255, 215, 255, 0, 0, 0, 0, 0, 0, 0, 0,
       0, 215, 255, 255, 255, 255, 255, 255, 0, 0, 0, 0, 0, 0, 0, 0, 0,
       120, 255, 255, 255, 0, 255, 255, 0, 0, 0, 0, 0, 0, 0, 0, 0, 255,
       255, 232, 204, 199, 255, 255, 255, 0, 0, 0, 0, 0, 0, 0, 0, 24,
       255, 255, 255, 24, 255, 0, 0, 0, 0, 0, 0, 0, 0, 0, 0, 0, 255, 255,
       255, 255, 0, 255, 0, 0, 0, 0, 0, 0, 0, 0, 0, 255, 255, 255, 231,
       255, 183, 0, 0, 0, 0, 0, 0, 0, 0, 0, 0, 255, 6, 0, 0, 8, 0, 0, 0,
       0, 0, 0, 0, 0, 0, 0, 0, 88, 0, 36, 231, 0, 0, 0, 0, 0, 0, 0, 0, 0,
       0, 0 ]
