%YAML:1.0
letter: 98
mat: !!opencv-matrix
   rows: 1
   cols: 256
   dt: u
   data: [ 0, 0, 0, 0, 231, 231, 0, 0, 0, 0, 0, 0, 0, 0, 0, 24, 0, 0, 0,
       0, 0, 255, 215, 0, 0, 0, 0, 0, 0, 0, 0, 166, 0, 0, 0, 78, 255,
       255, 255, 0, 0, 0, 0, 0, 0, 0, 0, 231, 0, 0, 88, 0, 88, 255, 255,
       255, 0, 0, 0, 0, 0, 0, 0, 255, 0, 0, 255, 255, 255, 255, 255, 255,
       0, 0, 0, 0, 0, 0, 0, 4, 0, 0, 255, 255, 255, 255, 255, 255, 0, 0,
       0, 0, 0, 0, 0, 24, 0, 0, 255, 255, 255, 255, 255, 255, 0, 0, 0, 0,
       0, 0, 0, 0, 0, 0, 255, 255, 255, 255, 0, 255, 0, 0, 0, 0, 0, 0, 0,
       0, 0, 0, 151, 156, 255, 255, 255, 255, 0, 0, 0, 0, 0, 0, 0, 0, 0,
       16, 255, 255, 255, 0, 255, 255, 151, 0, 0, 0, 0, 0, 0, 0, 0, 180,
       255, 255, 255, 8, 255, 247, 255, 0, 0, 0, 0, 0, 0, 248, 0, 183,
       255, 255, 255, 255, 255, 255, 0, 0, 0, 0, 0, 0, 0, 219, 0, 135,
       255, 255, 0, 255, 236, 88, 0, 0, 0, 0, 0, 0, 0, 0, 0, 255, 255,
       208, 255, 0, 255, 0, 0, 0, 0, 0, 0, 0, 0, 0, 0, 52, 255, 0, 0, 0,
       0, 0, 0, 0, 0, 0, 0, 0, 0, 0, 0, 166, 0, 0, 231, 0, 0, 0, 0, 0, 0,
       0, 0, 0, 0, 0 ]
