%YAML:1.0
letter: 98
mat: !!opencv-matrix
   rows: 1
   cols: 256
   dt: u
   data: [ 0, 0, 0, 0, 255, 255, 0, 0, 0, 0, 0, 0, 0, 0, 0, 0, 0, 0, 0,
       0, 31, 255, 255, 0, 0, 0, 0, 0, 0, 0, 0, 0, 0, 0, 0, 0, 255, 255,
       255, 255, 0, 0, 0, 0, 0, 0, 0, 0, 0, 0, 255, 151, 24, 255, 255,
       255, 0, 0, 0, 0, 0, 0, 0, 0, 0, 0, 248, 255, 255, 255, 255, 255,
       0, 0, 0, 0, 0, 0, 0, 0, 0, 0, 255, 232, 74, 255, 255, 255, 0, 0,
       0, 0, 0, 0, 0, 0, 0, 0, 255, 255, 255, 255, 255, 255, 0, 0, 0, 0,
       0, 0, 0, 0, 0, 0, 255, 255, 255, 0, 40, 255, 0, 0, 0, 0, 0, 0, 0,
       0, 0, 40, 244, 255, 255, 255, 255, 255, 0, 0, 0, 0, 0, 0, 0, 0, 0,
       255, 255, 184, 255, 255, 255, 255, 101, 0, 0, 0, 0, 0, 0, 0, 0,
       56, 255, 222, 255, 0, 255, 255, 255, 0, 0, 0, 0, 0, 0, 0, 0, 231,
       255, 118, 45, 255, 255, 4, 0, 0, 0, 0, 0, 0, 0, 0, 0, 255, 255,
       255, 118, 255, 255, 104, 0, 0, 0, 0, 0, 0, 0, 0, 0, 183, 255, 255,
       65, 255, 183, 0, 0, 0, 0, 0, 0, 0, 0, 0, 0, 0, 249, 0, 7, 0, 0, 0,
       0, 0, 0, 0, 0, 0, 0, 0, 0, 255, 0, 0, 8, 0, 0, 0, 0, 0, 0, 0, 0,
       0, 0, 0 ]
