%YAML:1.0
letter: 98
mat: !!opencv-matrix
   rows: 1
   cols: 256
   dt: u
   data: [ 0, 0, 0, 0, 195, 0, 0, 0, 0, 0, 0, 0, 0, 0, 0, 0, 0, 0, 0, 0,
       0, 255, 255, 0, 0, 0, 0, 0, 0, 0, 0, 0, 0, 0, 32, 0, 95, 255, 255,
       0, 0, 0, 0, 0, 0, 0, 0, 0, 0, 0, 255, 255, 0, 255, 255, 255, 0, 0,
       0, 0, 0, 0, 0, 0, 0, 0, 255, 255, 60, 255, 255, 159, 0, 0, 0, 0,
       0, 0, 0, 0, 0, 0, 255, 255, 115, 255, 255, 255, 0, 0, 0, 0, 0, 0,
       0, 0, 0, 0, 255, 255, 255, 255, 255, 255, 0, 0, 0, 0, 0, 0, 0, 0,
       0, 96, 255, 255, 0, 139, 255, 96, 0, 0, 0, 0, 0, 0, 0, 0, 0, 255,
       255, 195, 195, 243, 255, 255, 0, 0, 0, 0, 0, 0, 0, 0, 0, 255, 32,
       151, 255, 255, 255, 255, 255, 0, 0, 0, 0, 0, 0, 0, 0, 32, 255, 0,
       235, 60, 32, 0, 255, 0, 0, 0, 0, 0, 0, 0, 0, 159, 255, 219, 195,
       159, 255, 0, 0, 0, 0, 0, 0, 0, 0, 0, 0, 96, 255, 96, 155, 103, 96,
       0, 0, 0, 0, 0, 0, 0, 0, 0, 0, 255, 255, 255, 255, 223, 255, 0, 0,
       0, 0, 0, 0, 0, 0, 0, 0, 0, 28, 0, 95, 255, 0, 0, 0, 0, 0, 0, 0, 0,
       0, 0, 0, 0, 0, 0, 0, 0, 0, 0, 0, 0, 0, 0, 0, 0, 0, 0 ]
