%YAML:1.0
letter: 98
mat: !!opencv-matrix
   rows: 1
   cols: 256
   dt: u
   data: [ 0, 0, 0, 77, 119, 0, 0, 0, 0, 0, 0, 0, 0, 0, 0, 183, 0, 0, 0,
       255, 0, 255, 215, 0, 0, 0, 0, 0, 0, 0, 0, 0, 0, 0, 255, 255, 255,
       255, 104, 0, 0, 0, 0, 0, 0, 0, 0, 0, 0, 0, 255, 255, 119, 255,
       255, 0, 0, 0, 0, 0, 0, 103, 0, 255, 0, 0, 255, 255, 183, 255, 255,
       0, 0, 0, 0, 0, 0, 0, 0, 120, 0, 0, 255, 255, 255, 255, 255, 0, 0,
       0, 0, 0, 0, 0, 255, 0, 0, 0, 255, 255, 255, 255, 255, 0, 0, 0, 0,
       0, 0, 0, 0, 0, 0, 255, 255, 255, 255, 255, 199, 255, 0, 0, 0, 0,
       0, 0, 0, 0, 0, 255, 255, 255, 255, 255, 255, 199, 0, 0, 0, 0, 0,
       0, 0, 0, 0, 255, 255, 255, 135, 231, 255, 255, 68, 0, 0, 0, 0, 0,
       0, 0, 0, 0, 255, 247, 255, 255, 255, 0, 199, 0, 0, 0, 0, 0, 0, 24,
       0, 0, 255, 255, 191, 255, 0, 0, 0, 0, 0, 0, 0, 0, 0, 0, 0, 255,
       255, 255, 255, 255, 0, 0, 0, 0, 0, 0, 0, 0, 0, 0, 0, 104, 255,
       252, 135, 10, 255, 0, 0, 0, 0, 0, 0, 0, 0, 0, 0, 255, 0, 0, 0,
       231, 0, 0, 0, 0, 0, 0, 0, 0, 0, 0, 0, 0, 0, 0, 86, 0, 0, 0, 0, 0,
       0, 0, 0, 0, 0, 0 ]
