%YAML:1.0
letter: 98
mat: !!opencv-matrix
   rows: 1
   cols: 256
   dt: u
   data: [ 0, 0, 0, 0, 255, 255, 0, 0, 0, 0, 0, 0, 0, 0, 0, 0, 0, 0, 0,
       0, 255, 255, 255, 0, 0, 0, 0, 0, 0, 0, 0, 0, 0, 0, 255, 0, 255,
       255, 255, 84, 0, 0, 0, 0, 0, 0, 0, 0, 0, 0, 255, 255, 0, 255, 255,
       255, 0, 0, 0, 0, 0, 0, 0, 0, 0, 0, 159, 255, 255, 255, 255, 255,
       0, 0, 0, 0, 0, 0, 0, 0, 0, 0, 255, 255, 255, 255, 255, 255, 0, 0,
       0, 0, 0, 0, 0, 0, 0, 0, 255, 255, 255, 255, 255, 255, 0, 0, 0, 0,
       0, 0, 0, 0, 0, 243, 255, 255, 255, 255, 171, 255, 0, 0, 0, 0, 0,
       0, 0, 0, 0, 96, 255, 255, 96, 0, 255, 255, 0, 0, 0, 0, 0, 0, 0, 0,
       0, 195, 255, 255, 255, 255, 0, 255, 171, 0, 0, 0, 0, 0, 0, 0, 0,
       255, 255, 255, 0, 0, 28, 95, 0, 0, 0, 0, 0, 0, 0, 0, 0, 255, 255,
       255, 255, 255, 243, 0, 0, 0, 0, 0, 0, 0, 0, 0, 0, 96, 255, 255,
       96, 255, 32, 96, 0, 0, 0, 0, 0, 0, 0, 0, 0, 255, 255, 255, 0, 255,
       56, 0, 0, 0, 0, 0, 0, 0, 0, 0, 0, 251, 0, 0, 0, 32, 0, 0, 0, 0, 0,
       0, 0, 0, 0, 0, 0, 103, 0, 96, 255, 0, 0, 0, 0, 0, 0, 0, 0, 0, 0,
       0 ]
