%YAML:1.0
letter: 98
mat: !!opencv-matrix
   rows: 1
   cols: 256
   dt: u
   data: [ 0, 0, 0, 0, 0, 0, 255, 0, 0, 0, 0, 0, 0, 0, 0, 0, 0, 0, 0, 0,
       0, 255, 255, 255, 72, 0, 0, 0, 0, 0, 0, 0, 0, 0, 0, 0, 0, 255,
       255, 255, 255, 0, 0, 0, 0, 0, 0, 0, 0, 0, 0, 0, 255, 255, 255,
       255, 255, 0, 0, 0, 0, 0, 0, 0, 0, 0, 0, 255, 255, 255, 255, 255,
       255, 0, 0, 0, 0, 0, 0, 0, 0, 0, 0, 255, 255, 255, 255, 255, 255,
       0, 0, 0, 0, 0, 0, 0, 0, 0, 0, 255, 255, 255, 255, 255, 255, 0, 0,
       0, 0, 0, 0, 0, 0, 0, 0, 255, 255, 255, 255, 255, 255, 0, 0, 0, 0,
       0, 0, 0, 0, 0, 24, 255, 255, 255, 255, 255, 255, 0, 0, 0, 0, 0, 0,
       0, 0, 0, 255, 255, 255, 255, 255, 255, 255, 0, 0, 0, 0, 0, 0, 0,
       0, 0, 255, 255, 255, 255, 255, 255, 255, 215, 0, 0, 0, 0, 0, 0, 0,
       0, 255, 255, 255, 255, 255, 255, 255, 0, 0, 0, 0, 0, 0, 0, 0, 0,
       0, 255, 255, 255, 135, 255, 72, 0, 0, 0, 0, 0, 0, 0, 0, 0, 0, 255,
       255, 255, 24, 255, 0, 0, 0, 0, 0, 0, 0, 0, 0, 0, 0, 0, 0, 255,
       255, 255, 0, 0, 0, 0, 0, 0, 0, 0, 0, 0, 0, 0, 0, 0, 0, 0, 0, 0, 0,
       0, 0, 0, 0, 0 ]
