%YAML:1.0
letter: 98
mat: !!opencv-matrix
   rows: 1
   cols: 256
   dt: u
   data: [ 0, 0, 0, 0, 80, 255, 0, 0, 0, 0, 0, 0, 0, 0, 0, 0, 0, 0, 0, 0,
       255, 255, 255, 11, 0, 0, 0, 0, 0, 0, 0, 0, 0, 0, 0, 0, 255, 255,
       255, 255, 0, 0, 0, 0, 0, 0, 0, 0, 0, 0, 138, 39, 48, 255, 0, 255,
       0, 0, 0, 0, 0, 0, 207, 0, 0, 0, 164, 207, 255, 255, 255, 255, 0,
       0, 0, 0, 0, 0, 0, 0, 0, 0, 255, 207, 255, 255, 0, 255, 0, 0, 0, 0,
       0, 0, 0, 0, 0, 0, 255, 255, 255, 255, 255, 255, 0, 0, 0, 0, 0, 0,
       0, 0, 0, 11, 255, 255, 255, 255, 175, 255, 0, 0, 0, 0, 0, 0, 0, 0,
       0, 255, 255, 255, 255, 255, 255, 255, 0, 0, 0, 0, 0, 0, 0, 0, 0,
       239, 255, 255, 255, 16, 255, 255, 79, 0, 0, 0, 0, 0, 0, 0, 0, 255,
       255, 234, 143, 255, 255, 255, 255, 0, 0, 0, 0, 0, 0, 0, 0, 48,
       255, 255, 255, 255, 255, 175, 15, 0, 0, 0, 0, 0, 0, 0, 0, 255,
       255, 255, 255, 0, 255, 65, 0, 0, 0, 0, 0, 0, 0, 0, 0, 246, 206,
       255, 255, 112, 0, 0, 0, 0, 0, 0, 0, 0, 0, 0, 0, 239, 0, 13, 0,
       239, 0, 0, 0, 0, 0, 0, 0, 0, 0, 0, 0, 164, 0, 0, 0, 0, 0, 0, 0, 0,
       0, 0, 0, 0, 0, 0 ]
