%YAML:1.0
letter: 98
mat: !!opencv-matrix
   rows: 1
   cols: 256
   dt: u
   data: [ 0, 0, 0, 0, 0, 159, 0, 0, 0, 0, 0, 0, 0, 0, 0, 0, 0, 0, 0, 0,
       255, 255, 255, 0, 0, 0, 0, 0, 0, 0, 0, 0, 0, 0, 0, 0, 255, 255,
       255, 159, 0, 0, 0, 0, 0, 0, 0, 0, 0, 0, 255, 0, 255, 255, 255,
       255, 0, 0, 0, 0, 0, 0, 0, 0, 0, 0, 255, 0, 255, 255, 255, 255, 0,
       0, 0, 0, 0, 0, 0, 0, 0, 0, 255, 0, 255, 255, 255, 255, 0, 0, 0, 0,
       0, 0, 56, 0, 0, 0, 255, 255, 255, 255, 255, 255, 0, 0, 0, 0, 0, 0,
       0, 0, 0, 0, 255, 255, 255, 255, 255, 255, 0, 0, 0, 0, 0, 0, 0, 0,
       0, 223, 255, 255, 255, 255, 255, 255, 0, 0, 0, 0, 0, 0, 0, 0, 0,
       227, 255, 255, 255, 255, 255, 255, 0, 0, 0, 0, 0, 0, 0, 0, 0, 28,
       255, 255, 255, 0, 32, 171, 12, 0, 0, 0, 0, 0, 0, 0, 0, 255, 255,
       255, 0, 96, 20, 0, 0, 0, 0, 0, 0, 0, 0, 0, 0, 255, 255, 255, 255,
       159, 139, 195, 0, 0, 0, 0, 0, 0, 0, 0, 0, 251, 255, 255, 255, 255,
       32, 0, 0, 0, 0, 0, 0, 0, 0, 0, 0, 251, 0, 0, 0, 0, 0, 0, 0, 0, 0,
       0, 0, 0, 0, 0, 0, 0, 0, 0, 0, 0, 0, 0, 0, 0, 0, 0, 0, 0, 0, 0 ]
