%YAML:1.0
letter: 98
mat: !!opencv-matrix
   rows: 1
   cols: 256
   dt: u
   data: [ 0, 0, 0, 0, 222, 255, 0, 0, 0, 0, 0, 0, 0, 0, 0, 0, 0, 0, 0,
       0, 45, 248, 255, 0, 0, 0, 0, 0, 0, 0, 0, 0, 0, 0, 0, 0, 255, 255,
       7, 0, 0, 0, 0, 0, 0, 0, 0, 0, 0, 0, 255, 0, 207, 255, 0, 255, 0,
       0, 0, 0, 0, 0, 0, 0, 0, 0, 255, 255, 255, 255, 239, 255, 0, 0, 0,
       0, 0, 0, 0, 0, 0, 0, 255, 0, 255, 255, 248, 255, 0, 0, 0, 0, 0, 0,
       0, 255, 0, 0, 239, 255, 255, 255, 255, 255, 0, 0, 0, 0, 0, 0, 0,
       0, 0, 0, 255, 175, 255, 255, 0, 255, 0, 0, 0, 0, 0, 0, 0, 0, 0,
       255, 255, 255, 255, 255, 255, 255, 0, 0, 0, 0, 0, 0, 0, 0, 0, 16,
       255, 255, 255, 246, 15, 255, 255, 0, 0, 0, 0, 0, 0, 0, 0, 255,
       255, 255, 255, 255, 255, 0, 143, 0, 0, 0, 0, 0, 0, 0, 0, 255, 255,
       255, 255, 255, 255, 48, 0, 0, 0, 0, 0, 0, 0, 0, 0, 255, 255, 207,
       255, 0, 242, 0, 0, 0, 0, 0, 0, 0, 0, 0, 0, 255, 255, 255, 228, 63,
       143, 0, 0, 0, 0, 0, 0, 0, 0, 0, 0, 16, 0, 0, 48, 0, 0, 0, 0, 0, 0,
       0, 0, 0, 0, 0, 0, 80, 0, 0, 80, 0, 0, 0, 0, 0, 0, 0, 0, 0, 0, 0 ]
