%YAML:1.0
letter: 98
mat: !!opencv-matrix
   rows: 1
   cols: 256
   dt: u
   data: [ 0, 0, 0, 0, 175, 255, 0, 0, 0, 0, 0, 0, 0, 0, 0, 0, 0, 0, 0,
       0, 31, 255, 255, 0, 0, 0, 0, 0, 0, 0, 0, 0, 0, 0, 72, 0, 255, 255,
       255, 255, 0, 0, 0, 0, 0, 0, 0, 0, 0, 0, 255, 151, 0, 255, 255,
       104, 0, 0, 0, 0, 0, 0, 0, 0, 0, 0, 7, 255, 255, 255, 255, 255, 0,
       0, 0, 0, 0, 0, 0, 0, 0, 0, 255, 255, 255, 255, 255, 255, 0, 0, 0,
       0, 0, 0, 0, 0, 0, 0, 255, 255, 255, 255, 255, 120, 0, 0, 0, 0, 0,
       0, 0, 0, 0, 0, 255, 255, 24, 255, 215, 255, 0, 0, 0, 0, 0, 0, 0,
       0, 0, 255, 255, 255, 255, 40, 255, 255, 0, 0, 0, 0, 0, 0, 0, 0, 0,
       255, 86, 255, 255, 0, 0, 255, 255, 0, 0, 0, 0, 0, 0, 0, 0, 0, 255,
       255, 255, 199, 255, 255, 255, 0, 0, 0, 0, 0, 0, 0, 0, 24, 255,
       255, 255, 255, 255, 0, 0, 0, 0, 0, 0, 0, 0, 0, 0, 255, 255, 255,
       245, 151, 0, 0, 0, 0, 0, 0, 0, 0, 0, 0, 0, 255, 255, 255, 82, 72,
       72, 0, 0, 0, 0, 0, 0, 0, 0, 0, 0, 255, 178, 0, 8, 0, 0, 0, 0, 0,
       0, 0, 0, 0, 0, 0, 0, 0, 0, 0, 160, 167, 0, 0, 0, 0, 0, 0, 0, 0, 0,
       0 ]
