%YAML:1.0
letter: 98
mat: !!opencv-matrix
   rows: 1
   cols: 256
   dt: u
   data: [ 0, 0, 0, 0, 16, 255, 0, 0, 0, 0, 0, 0, 0, 0, 0, 0, 0, 0, 0, 0,
       16, 255, 121, 0, 0, 0, 0, 0, 0, 0, 0, 0, 0, 0, 255, 255, 13, 255,
       255, 255, 0, 0, 0, 0, 0, 0, 0, 0, 0, 0, 255, 255, 0, 255, 255,
       255, 0, 0, 0, 0, 0, 0, 0, 0, 0, 0, 239, 255, 240, 255, 255, 255,
       0, 0, 0, 0, 0, 0, 0, 0, 0, 0, 0, 255, 61, 255, 255, 255, 0, 0, 0,
       0, 0, 0, 0, 0, 0, 0, 255, 255, 255, 255, 255, 111, 0, 0, 0, 0, 0,
       0, 0, 0, 0, 255, 255, 255, 0, 164, 255, 255, 0, 0, 0, 0, 0, 0, 0,
       0, 0, 255, 255, 255, 246, 255, 255, 255, 0, 0, 0, 0, 0, 0, 0, 0,
       0, 255, 255, 255, 16, 222, 230, 255, 255, 0, 0, 0, 0, 0, 0, 0, 0,
       255, 255, 48, 252, 168, 255, 255, 228, 0, 0, 0, 0, 0, 0, 0, 0,
       239, 255, 255, 240, 0, 255, 9, 248, 0, 0, 0, 0, 0, 0, 0, 0, 239,
       255, 255, 255, 207, 180, 143, 0, 0, 0, 0, 0, 0, 0, 0, 0, 255, 255,
       255, 0, 0, 0, 0, 0, 0, 0, 0, 0, 0, 0, 0, 0, 0, 0, 80, 0, 0, 55, 0,
       0, 0, 0, 0, 0, 0, 0, 0, 0, 112, 0, 112, 9, 0, 0, 0, 0, 0, 0, 0, 0,
       0, 0, 0 ]
