%YAML:1.0
letter: 98
mat: !!opencv-matrix
   rows: 1
   cols: 256
   dt: u
   data: [ 0, 0, 0, 247, 255, 0, 0, 0, 0, 0, 0, 0, 0, 0, 0, 0, 0, 0, 0,
       255, 255, 24, 40, 0, 0, 0, 0, 0, 0, 0, 0, 0, 0, 0, 104, 255, 255,
       255, 0, 0, 0, 0, 0, 0, 0, 0, 0, 104, 0, 0, 8, 255, 255, 255, 255,
       0, 0, 0, 0, 0, 0, 250, 0, 0, 0, 0, 0, 255, 255, 255, 255, 0, 0, 0,
       0, 0, 0, 0, 0, 255, 0, 0, 255, 255, 255, 24, 255, 0, 0, 0, 0, 0,
       0, 0, 255, 0, 0, 0, 255, 255, 255, 255, 255, 0, 0, 0, 0, 0, 0, 0,
       0, 0, 0, 255, 199, 255, 255, 255, 255, 255, 0, 0, 0, 0, 0, 0, 0,
       0, 0, 255, 0, 255, 255, 255, 255, 255, 0, 0, 0, 0, 0, 0, 0, 0, 0,
       255, 255, 250, 255, 255, 255, 255, 0, 0, 0, 0, 0, 0, 0, 0, 0, 255,
       255, 255, 255, 255, 255, 0, 0, 0, 0, 0, 0, 0, 0, 0, 0, 255, 255,
       255, 255, 255, 135, 0, 0, 0, 0, 0, 0, 0, 0, 0, 0, 0, 255, 255,
       255, 255, 0, 0, 0, 0, 0, 0, 0, 0, 0, 0, 0, 255, 255, 150, 255,
       231, 255, 0, 0, 0, 0, 0, 0, 0, 0, 0, 0, 0, 0, 0, 0, 24, 0, 0, 0,
       0, 0, 0, 0, 0, 0, 0, 0, 183, 0, 0, 97, 0, 0, 0, 0, 0, 0, 0, 0, 0,
       0, 0 ]
