%YAML:1.0
letter: 100
mat: !!opencv-matrix
   rows: 1
   cols: 256
   dt: u
   data: [ 0, 0, 0, 255, 0, 0, 0, 0, 0, 0, 0, 0, 0, 0, 0, 0, 0, 0, 0,
       255, 0, 0, 0, 0, 0, 0, 0, 0, 0, 0, 0, 0, 0, 0, 0, 255, 0, 255,
       255, 255, 48, 0, 0, 0, 0, 0, 0, 0, 0, 0, 0, 255, 0, 255, 255, 255,
       255, 255, 0, 0, 0, 0, 0, 0, 0, 0, 0, 254, 255, 255, 255, 255, 255,
       255, 252, 0, 0, 0, 0, 0, 0, 0, 255, 255, 255, 255, 0, 0, 0, 207,
       255, 0, 0, 0, 0, 0, 0, 80, 255, 255, 255, 255, 0, 0, 0, 0, 255, 0,
       0, 0, 0, 0, 0, 0, 138, 255, 255, 255, 0, 0, 0, 255, 255, 255, 0,
       0, 0, 0, 0, 0, 255, 255, 255, 255, 255, 255, 255, 255, 255, 0, 0,
       0, 0, 0, 0, 0, 48, 255, 255, 255, 255, 255, 255, 255, 0, 0, 0, 0,
       0, 0, 0, 0, 48, 255, 255, 255, 255, 255, 255, 0, 0, 0, 0, 0, 0, 0,
       0, 75, 242, 255, 255, 255, 255, 255, 143, 0, 0, 0, 0, 0, 0, 0, 0,
       0, 16, 255, 255, 255, 255, 16, 0, 0, 0, 0, 0, 0, 0, 0, 0, 142,
       255, 255, 255, 255, 33, 0, 0, 0, 0, 0, 0, 0, 0, 0, 0, 0, 255, 255,
       255, 175, 0, 0, 0, 0, 0, 0, 0, 0, 0, 0, 0, 0, 0, 0, 143, 255, 0,
       0, 0, 0, 0, 0, 0, 0, 0, 0 ]
