%YAML:1.0
letter: 100
mat: !!opencv-matrix
   rows: 1
   cols: 256
   dt: u
   data: [ 0, 0, 0, 0, 255, 0, 0, 0, 0, 0, 0, 0, 0, 0, 0, 0, 0, 0, 0, 0,
       167, 0, 0, 0, 0, 0, 0, 0, 0, 0, 0, 0, 0, 0, 0, 0, 255, 0, 215, 17,
       0, 0, 0, 0, 0, 0, 0, 0, 0, 0, 0, 0, 255, 255, 255, 255, 255, 135,
       0, 0, 0, 0, 0, 0, 0, 0, 0, 0, 8, 255, 255, 255, 255, 255, 0, 0, 0,
       0, 0, 0, 0, 0, 104, 255, 255, 255, 255, 0, 0, 255, 0, 0, 0, 0, 0,
       0, 0, 0, 0, 255, 255, 255, 0, 0, 0, 0, 255, 0, 0, 0, 0, 0, 0, 0,
       0, 255, 255, 255, 255, 0, 0, 11, 255, 0, 0, 0, 0, 0, 0, 0, 183,
       221, 255, 255, 255, 255, 255, 255, 255, 0, 0, 0, 0, 0, 0, 0, 0,
       255, 255, 255, 255, 255, 255, 255, 0, 0, 0, 0, 0, 0, 0, 0, 0, 255,
       255, 255, 255, 255, 255, 0, 0, 0, 0, 0, 0, 0, 0, 0, 255, 255, 255,
       255, 255, 255, 0, 0, 0, 0, 0, 0, 0, 0, 0, 89, 24, 255, 255, 255,
       255, 38, 0, 0, 0, 0, 0, 0, 0, 0, 0, 0, 255, 255, 255, 255, 0, 0,
       0, 0, 0, 0, 0, 0, 0, 0, 0, 0, 0, 255, 93, 0, 0, 0, 0, 0, 0, 0, 0,
       0, 0, 0, 0, 0, 0, 0, 0, 0, 0, 0, 0, 0, 0, 0, 0, 0, 0, 0 ]
