%YAML:1.0
letter: 100
mat: !!opencv-matrix
   rows: 1
   cols: 256
   dt: u
   data: [ 0, 0, 0, 255, 40, 0, 0, 0, 0, 0, 0, 0, 0, 0, 0, 0, 0, 0, 0, 0,
       255, 0, 0, 0, 0, 0, 0, 0, 0, 0, 0, 0, 0, 0, 0, 0, 255, 255, 255,
       255, 255, 0, 0, 0, 0, 0, 0, 0, 0, 0, 0, 0, 255, 255, 255, 255,
       255, 255, 0, 0, 0, 0, 0, 0, 0, 0, 0, 255, 255, 255, 0, 167, 255,
       255, 255, 0, 0, 0, 0, 0, 0, 0, 0, 5, 255, 255, 255, 0, 0, 199,
       255, 0, 0, 0, 0, 0, 0, 0, 255, 255, 255, 255, 255, 0, 0, 255, 255,
       0, 0, 0, 0, 0, 0, 0, 255, 255, 255, 255, 255, 255, 104, 255, 252,
       0, 0, 0, 0, 0, 0, 0, 255, 255, 255, 255, 255, 255, 255, 255, 0, 0,
       0, 0, 0, 0, 0, 0, 255, 255, 255, 255, 255, 255, 255, 255, 0, 0, 0,
       0, 0, 0, 0, 0, 255, 255, 255, 255, 255, 255, 255, 0, 0, 0, 0, 0,
       0, 0, 0, 0, 255, 255, 255, 255, 255, 255, 255, 0, 0, 0, 0, 0, 0,
       0, 0, 0, 255, 255, 255, 255, 255, 255, 103, 0, 0, 0, 0, 0, 0, 0,
       0, 0, 255, 255, 255, 255, 255, 104, 0, 0, 0, 0, 0, 0, 0, 0, 0, 0,
       0, 0, 255, 255, 255, 72, 0, 0, 0, 0, 0, 0, 0, 0, 0, 0, 0, 0, 0, 0,
       255, 0, 0, 0, 0, 0, 0, 0, 0, 0 ]
