%YAML:1.0
letter: 100
mat: !!opencv-matrix
   rows: 1
   cols: 256
   dt: u
   data: [ 0, 0, 0, 0, 111, 255, 0, 0, 0, 0, 0, 0, 0, 0, 0, 0, 0, 0, 0,
       0, 0, 255, 0, 0, 0, 0, 0, 0, 0, 0, 0, 0, 0, 0, 0, 0, 255, 255,
       190, 164, 0, 0, 0, 0, 0, 0, 0, 0, 0, 0, 0, 0, 192, 255, 255, 255,
       255, 164, 0, 0, 0, 0, 0, 0, 0, 0, 0, 0, 143, 255, 255, 255, 255,
       255, 0, 0, 0, 0, 0, 0, 0, 0, 175, 255, 255, 255, 255, 0, 0, 255,
       255, 0, 0, 0, 0, 0, 0, 0, 240, 255, 255, 255, 0, 0, 0, 0, 255, 0,
       0, 0, 0, 0, 0, 0, 0, 255, 255, 255, 255, 0, 0, 0, 255, 111, 0, 0,
       0, 0, 0, 0, 0, 255, 255, 255, 255, 255, 255, 255, 255, 255, 0, 0,
       0, 0, 0, 0, 33, 255, 255, 255, 255, 255, 255, 255, 15, 0, 0, 0, 0,
       0, 0, 0, 110, 255, 255, 255, 255, 255, 255, 15, 0, 0, 0, 0, 0, 0,
       0, 0, 175, 255, 255, 255, 255, 255, 7, 0, 0, 0, 0, 0, 0, 0, 0, 0,
       255, 255, 255, 255, 255, 0, 0, 0, 0, 0, 0, 0, 0, 0, 0, 190, 255,
       255, 255, 255, 0, 0, 0, 0, 0, 0, 0, 0, 0, 0, 0, 0, 0, 0, 255, 255,
       0, 0, 0, 0, 0, 0, 0, 0, 0, 0, 0, 0, 0, 0, 0, 0, 0, 0, 0, 0, 0, 0,
       0, 0, 0, 0 ]
