%YAML:1.0
letter: 100
mat: !!opencv-matrix
   rows: 1
   cols: 256
   dt: u
   data: [ 0, 0, 111, 255, 0, 0, 0, 0, 0, 0, 0, 0, 0, 0, 0, 0, 0, 0, 0,
       255, 0, 0, 0, 0, 0, 0, 0, 0, 0, 0, 0, 0, 0, 0, 0, 255, 91, 0, 255,
       255, 0, 0, 0, 0, 0, 0, 0, 0, 0, 0, 0, 255, 255, 255, 255, 255,
       255, 255, 0, 0, 0, 0, 0, 0, 0, 0, 0, 255, 255, 255, 255, 207, 0,
       255, 255, 0, 0, 0, 0, 0, 0, 0, 255, 255, 255, 255, 120, 0, 0, 0,
       255, 0, 0, 0, 0, 0, 0, 0, 255, 255, 255, 255, 0, 0, 0, 0, 255, 0,
       0, 0, 0, 0, 0, 0, 210, 255, 255, 255, 255, 0, 0, 255, 255, 255, 0,
       0, 0, 0, 0, 0, 0, 255, 255, 255, 255, 255, 255, 255, 255, 112, 0,
       0, 0, 0, 0, 0, 0, 255, 255, 255, 255, 255, 255, 255, 0, 0, 0, 0,
       0, 0, 0, 0, 0, 255, 255, 255, 255, 255, 255, 0, 0, 0, 0, 0, 0, 0,
       0, 0, 0, 255, 255, 255, 255, 255, 79, 0, 0, 0, 0, 0, 0, 0, 0, 0,
       0, 255, 255, 255, 255, 97, 0, 0, 0, 0, 0, 0, 0, 0, 0, 0, 255, 255,
       255, 255, 112, 0, 0, 0, 0, 0, 0, 0, 0, 0, 0, 31, 255, 242, 255,
       239, 0, 0, 0, 0, 0, 0, 0, 0, 0, 0, 0, 0, 0, 0, 255, 0, 0, 0, 0, 0,
       0, 0, 0, 0, 0, 0 ]
