%YAML:1.0
letter: 101
mat: !!opencv-matrix
   rows: 1
   cols: 256
   dt: u
   data: [ 0, 0, 0, 0, 0, 0, 0, 0, 0, 0, 0, 0, 0, 0, 0, 0, 0, 0, 0, 0, 0,
       0, 0, 0, 0, 0, 0, 0, 0, 0, 0, 0, 0, 0, 0, 0, 0, 0, 191, 64, 64,
       16, 255, 0, 0, 0, 0, 0, 0, 0, 0, 0, 255, 64, 255, 255, 64, 255,
       64, 0, 0, 0, 0, 0, 0, 0, 0, 255, 255, 255, 207, 191, 255, 255,
       255, 0, 0, 0, 0, 0, 0, 0, 0, 255, 255, 255, 255, 255, 255, 255,
       255, 191, 0, 0, 0, 0, 0, 0, 0, 191, 191, 255, 255, 255, 255, 255,
       255, 255, 0, 0, 0, 0, 0, 0, 0, 0, 255, 255, 255, 255, 255, 255,
       255, 255, 255, 0, 0, 0, 0, 0, 0, 255, 255, 255, 255, 255, 255,
       255, 255, 64, 255, 0, 0, 0, 0, 0, 0, 255, 255, 255, 143, 255, 255,
       255, 255, 255, 64, 0, 0, 0, 0, 0, 0, 255, 255, 255, 255, 255, 255,
       255, 239, 0, 0, 0, 0, 0, 0, 0, 16, 0, 255, 255, 255, 255, 255,
       143, 0, 0, 0, 0, 0, 0, 0, 0, 64, 0, 255, 207, 255, 0, 255, 0, 0,
       0, 0, 0, 0, 0, 0, 191, 48, 255, 191, 112, 0, 255, 0, 0, 0, 0, 0,
       0, 0, 0, 0, 0, 0, 0, 0, 48, 64, 191, 0, 0, 0, 0, 0, 0, 0, 0, 0, 0,
       0, 0, 0, 0, 0, 0, 0, 0, 0, 0, 0, 0, 0, 0 ]
