%YAML:1.0
letter: 101
mat: !!opencv-matrix
   rows: 1
   cols: 256
   dt: u
   data: [ 0, 0, 0, 0, 0, 0, 0, 0, 0, 0, 0, 0, 0, 0, 0, 0, 0, 0, 0, 0, 0,
       0, 0, 0, 104, 0, 0, 0, 0, 0, 0, 0, 0, 0, 0, 0, 0, 0, 255, 255,
       255, 255, 255, 0, 0, 0, 0, 0, 0, 0, 0, 0, 0, 255, 255, 255, 255,
       255, 255, 255, 0, 0, 0, 0, 0, 0, 0, 0, 255, 255, 24, 255, 255,
       255, 255, 255, 0, 0, 0, 0, 0, 0, 0, 215, 255, 255, 255, 255, 255,
       255, 255, 56, 0, 0, 0, 0, 0, 0, 255, 255, 255, 255, 24, 255, 255,
       255, 255, 255, 0, 0, 0, 0, 0, 0, 0, 255, 255, 255, 255, 255, 255,
       255, 255, 255, 0, 0, 0, 0, 0, 0, 167, 255, 255, 255, 255, 255,
       255, 255, 255, 255, 0, 0, 0, 0, 0, 0, 79, 255, 255, 255, 255, 255,
       255, 255, 255, 255, 65, 0, 0, 0, 0, 0, 215, 255, 255, 255, 255, 1,
       40, 255, 255, 255, 100, 0, 0, 0, 0, 0, 105, 255, 255, 255, 0, 255,
       255, 255, 255, 99, 0, 0, 0, 0, 0, 0, 255, 255, 255, 255, 255, 72,
       255, 255, 0, 0, 0, 0, 0, 0, 0, 0, 0, 0, 186, 255, 255, 8, 0, 0, 0,
       0, 0, 0, 0, 0, 0, 0, 0, 0, 0, 0, 24, 5, 0, 0, 0, 0, 0, 0, 0, 0, 0,
       0, 0, 0, 0, 0, 0, 247, 0, 0, 0, 0, 0, 0, 0, 0 ]
