%YAML:1.0
letter: 101
mat: !!opencv-matrix
   rows: 1
   cols: 256
   dt: u
   data: [ 0, 0, 0, 0, 0, 0, 0, 0, 0, 0, 0, 0, 0, 0, 0, 0, 0, 0, 0, 0, 0,
       0, 0, 0, 0, 0, 0, 0, 0, 0, 0, 0, 0, 0, 0, 0, 0, 0, 255, 228, 0,
       175, 255, 0, 0, 0, 0, 0, 0, 0, 0, 0, 240, 255, 239, 255, 255, 255,
       255, 0, 0, 0, 0, 0, 0, 0, 0, 239, 255, 255, 255, 255, 246, 255,
       255, 0, 0, 0, 0, 0, 0, 0, 0, 255, 255, 255, 255, 255, 255, 240,
       255, 0, 0, 0, 0, 0, 0, 0, 0, 255, 255, 112, 80, 156, 255, 134,
       190, 255, 0, 0, 0, 0, 0, 0, 0, 255, 255, 255, 0, 192, 255, 220,
       255, 255, 0, 0, 0, 0, 0, 0, 0, 255, 255, 255, 255, 255, 255, 255,
       255, 255, 255, 0, 0, 0, 0, 0, 0, 255, 239, 255, 255, 255, 255,
       255, 112, 255, 255, 0, 0, 0, 0, 0, 0, 0, 255, 255, 255, 255, 255,
       255, 0, 0, 0, 0, 0, 0, 0, 0, 0, 255, 255, 255, 255, 255, 105, 0,
       0, 0, 0, 0, 0, 0, 0, 0, 255, 0, 255, 48, 255, 143, 105, 0, 0, 0,
       0, 0, 0, 0, 0, 207, 0, 255, 58, 216, 0, 0, 0, 0, 0, 0, 0, 0, 0, 0,
       0, 0, 0, 0, 0, 175, 80, 0, 0, 0, 0, 0, 0, 0, 0, 0, 0, 0, 0, 0, 0,
       0, 0, 0, 0, 0, 0, 0, 0, 0, 0, 0 ]
