%YAML:1.0
letter: 101
mat: !!opencv-matrix
   rows: 1
   cols: 256
   dt: u
   data: [ 0, 0, 0, 0, 0, 0, 0, 0, 0, 0, 0, 0, 0, 0, 0, 0, 0, 0, 0, 0, 0,
       255, 0, 0, 255, 0, 0, 0, 0, 0, 0, 0, 0, 0, 0, 255, 0, 255, 255,
       255, 255, 0, 0, 0, 0, 0, 0, 0, 0, 0, 0, 255, 255, 255, 255, 255,
       255, 255, 255, 255, 0, 0, 0, 0, 0, 0, 143, 255, 255, 255, 255,
       255, 255, 255, 255, 255, 0, 0, 0, 0, 0, 0, 0, 0, 255, 255, 255,
       255, 255, 255, 255, 255, 0, 0, 0, 0, 0, 0, 255, 255, 255, 0, 255,
       16, 255, 255, 255, 255, 0, 0, 0, 0, 0, 0, 255, 255, 16, 255, 255,
       255, 255, 16, 255, 255, 0, 0, 0, 0, 0, 0, 255, 255, 16, 255, 255,
       254, 255, 255, 255, 255, 0, 0, 0, 0, 0, 0, 255, 255, 255, 255,
       255, 255, 255, 255, 255, 255, 0, 0, 0, 0, 0, 0, 255, 255, 255,
       255, 0, 0, 164, 255, 255, 255, 220, 0, 0, 0, 0, 0, 255, 255, 255,
       112, 0, 9, 0, 255, 255, 255, 0, 0, 0, 0, 0, 0, 0, 255, 255, 0, 21,
       0, 255, 255, 99, 0, 0, 0, 0, 0, 0, 0, 0, 255, 255, 255, 175, 255,
       175, 175, 0, 0, 0, 0, 0, 0, 0, 0, 0, 0, 0, 207, 48, 3, 45, 0, 0,
       0, 0, 0, 0, 0, 0, 0, 0, 0, 0, 0, 13, 0, 0, 0, 0, 0, 0, 0, 0, 0 ]
