%YAML:1.0
letter: 101
mat: !!opencv-matrix
   rows: 1
   cols: 256
   dt: u
   data: [ 0, 0, 0, 0, 0, 0, 0, 0, 0, 0, 0, 0, 0, 0, 0, 0, 0, 0, 0, 0, 0,
       0, 0, 0, 0, 0, 0, 0, 0, 0, 0, 0, 0, 0, 0, 0, 0, 0, 255, 0, 255,
       255, 0, 0, 0, 0, 0, 0, 0, 0, 0, 0, 255, 135, 255, 255, 255, 255,
       255, 255, 0, 0, 0, 0, 0, 0, 0, 0, 255, 255, 255, 255, 255, 255,
       255, 255, 0, 0, 0, 0, 0, 0, 0, 255, 47, 255, 255, 255, 255, 255,
       255, 0, 0, 0, 0, 0, 0, 0, 255, 255, 255, 255, 132, 255, 0, 255,
       255, 255, 0, 0, 0, 0, 0, 0, 1, 255, 255, 255, 255, 255, 255, 255,
       255, 255, 0, 0, 0, 0, 0, 0, 7, 255, 255, 255, 255, 255, 255, 255,
       255, 255, 195, 0, 0, 0, 0, 0, 6, 255, 255, 255, 255, 255, 255,
       255, 255, 255, 255, 0, 0, 0, 0, 0, 135, 255, 255, 255, 255, 0, 0,
       255, 255, 255, 255, 0, 0, 0, 0, 0, 167, 255, 255, 255, 25, 239,
       255, 255, 255, 88, 0, 0, 0, 0, 0, 0, 40, 255, 255, 255, 255, 36,
       255, 0, 119, 0, 0, 0, 0, 0, 0, 0, 0, 0, 90, 255, 255, 0, 0, 0, 0,
       0, 0, 0, 0, 0, 0, 0, 0, 0, 0, 0, 159, 0, 0, 0, 0, 0, 0, 0, 0, 0,
       0, 0, 0, 0, 0, 0, 0, 0, 0, 0, 0, 0, 0, 0, 0, 0 ]
