%YAML:1.0
letter: 101
mat: !!opencv-matrix
   rows: 1
   cols: 256
   dt: u
   data: [ 0, 0, 0, 0, 0, 0, 0, 0, 0, 0, 0, 0, 0, 0, 0, 0, 0, 0, 0, 0, 0,
       0, 0, 0, 0, 0, 0, 0, 0, 0, 0, 0, 0, 0, 0, 0, 0, 0, 255, 0, 255, 0,
       0, 0, 0, 0, 0, 0, 0, 0, 0, 0, 151, 174, 255, 127, 151, 255, 255,
       0, 0, 0, 0, 0, 0, 0, 0, 255, 255, 255, 255, 255, 255, 255, 255, 0,
       0, 0, 0, 0, 0, 0, 0, 255, 255, 255, 119, 255, 255, 255, 255, 0, 0,
       0, 0, 0, 0, 0, 0, 255, 255, 255, 255, 255, 255, 255, 255, 231, 0,
       0, 0, 0, 0, 0, 0, 255, 255, 255, 255, 255, 255, 255, 255, 235, 16,
       0, 0, 0, 0, 0, 0, 255, 255, 255, 255, 255, 255, 255, 255, 255,
       255, 0, 0, 0, 0, 0, 0, 255, 255, 255, 120, 255, 255, 255, 135,
       255, 49, 0, 0, 0, 0, 0, 0, 255, 255, 255, 255, 255, 255, 255, 0,
       0, 0, 0, 0, 0, 0, 0, 0, 24, 255, 255, 255, 255, 231, 231, 0, 0, 0,
       0, 0, 0, 0, 0, 0, 151, 104, 255, 174, 87, 255, 0, 0, 0, 0, 0, 0,
       0, 0, 255, 255, 72, 255, 255, 86, 166, 0, 0, 0, 0, 0, 0, 0, 0, 0,
       0, 0, 0, 0, 255, 119, 0, 0, 0, 0, 0, 0, 0, 0, 0, 0, 0, 0, 0, 0, 0,
       0, 0, 0, 0, 0, 0, 0, 0, 0, 0 ]
