%YAML:1.0
letter: 101
mat: !!opencv-matrix
   rows: 1
   cols: 256
   dt: u
   data: [ 0, 0, 0, 0, 0, 0, 0, 0, 0, 0, 0, 0, 0, 0, 0, 0, 0, 0, 0, 0, 0,
       0, 0, 0, 0, 0, 0, 0, 0, 0, 0, 0, 0, 0, 0, 0, 0, 255, 255, 255,
       255, 0, 0, 0, 0, 0, 0, 0, 0, 0, 0, 255, 255, 255, 255, 255, 255,
       255, 255, 0, 0, 0, 0, 0, 0, 0, 0, 0, 255, 255, 255, 255, 255, 255,
       255, 0, 0, 0, 0, 0, 0, 0, 0, 16, 255, 240, 255, 255, 255, 255,
       255, 0, 0, 0, 0, 0, 0, 0, 248, 255, 255, 255, 0, 255, 255, 255,
       255, 0, 0, 0, 0, 0, 0, 0, 0, 255, 255, 255, 255, 255, 255, 255,
       255, 0, 0, 0, 0, 0, 0, 0, 255, 255, 255, 255, 255, 255, 255, 255,
       255, 0, 0, 0, 0, 0, 0, 0, 255, 255, 255, 255, 255, 255, 255, 255,
       255, 220, 0, 0, 0, 0, 0, 0, 16, 255, 255, 254, 0, 0, 0, 255, 255,
       255, 0, 0, 0, 0, 0, 0, 255, 255, 255, 0, 0, 0, 255, 255, 255, 121,
       0, 0, 0, 0, 0, 0, 255, 255, 230, 244, 0, 222, 240, 0, 0, 0, 0, 0,
       0, 0, 0, 0, 0, 255, 255, 255, 255, 0, 3, 0, 0, 0, 0, 0, 0, 0, 0,
       0, 0, 0, 0, 248, 255, 0, 0, 0, 0, 0, 0, 0, 0, 0, 0, 0, 0, 0, 0, 0,
       0, 39, 0, 0, 0, 0, 0, 0, 0, 0 ]
