%YAML:1.0
letter: 101
mat: !!opencv-matrix
   rows: 1
   cols: 256
   dt: u
   data: [ 0, 0, 0, 0, 0, 0, 0, 0, 0, 0, 0, 0, 0, 0, 0, 0, 0, 0, 0, 0, 0,
       0, 0, 0, 0, 0, 0, 0, 0, 0, 0, 0, 0, 0, 0, 0, 0, 0, 255, 0, 222,
       68, 255, 0, 0, 0, 0, 0, 0, 0, 0, 0, 131, 255, 255, 255, 255, 162,
       0, 0, 0, 0, 0, 0, 0, 0, 0, 124, 255, 146, 255, 255, 229, 255, 255,
       0, 0, 0, 0, 0, 0, 0, 0, 255, 255, 255, 255, 255, 250, 255, 255, 0,
       0, 0, 0, 0, 0, 0, 0, 8, 255, 247, 88, 255, 255, 255, 0, 0, 0, 0,
       0, 0, 0, 0, 0, 0, 255, 255, 255, 255, 255, 255, 56, 255, 255, 0,
       0, 0, 0, 0, 0, 253, 255, 74, 255, 255, 255, 255, 255, 255, 56, 0,
       0, 0, 0, 0, 0, 162, 255, 255, 255, 255, 255, 255, 255, 255, 255,
       0, 0, 0, 0, 0, 0, 255, 147, 255, 255, 255, 255, 255, 24, 255, 0,
       0, 0, 0, 0, 0, 0, 255, 255, 255, 255, 255, 135, 255, 0, 0, 0, 0,
       0, 0, 0, 0, 0, 247, 255, 255, 255, 0, 201, 0, 0, 0, 0, 0, 0, 0, 0,
       151, 255, 154, 200, 151, 151, 0, 0, 0, 0, 0, 0, 0, 0, 0, 0, 0, 0,
       0, 0, 4, 255, 0, 0, 0, 0, 0, 0, 0, 0, 0, 0, 0, 0, 0, 0, 0, 0, 0,
       0, 0, 0, 0, 0, 0, 0, 0 ]
