%YAML:1.0
letter: 101
mat: !!opencv-matrix
   rows: 1
   cols: 256
   dt: u
   data: [ 0, 0, 0, 0, 0, 0, 0, 0, 0, 0, 0, 0, 0, 0, 0, 0, 0, 0, 0, 0, 0,
       0, 0, 0, 0, 0, 0, 0, 0, 0, 0, 0, 0, 0, 0, 0, 0, 0, 79, 255, 0,
       175, 255, 0, 0, 0, 0, 0, 0, 0, 0, 0, 255, 255, 90, 255, 255, 255,
       255, 15, 0, 0, 0, 0, 0, 0, 0, 31, 255, 255, 90, 255, 120, 180,
       255, 0, 0, 0, 0, 0, 0, 0, 0, 255, 255, 207, 33, 255, 138, 255,
       255, 0, 0, 0, 0, 0, 0, 0, 0, 175, 255, 255, 255, 210, 255, 255,
       255, 180, 255, 0, 0, 0, 0, 0, 0, 255, 255, 164, 255, 112, 255,
       255, 255, 255, 255, 0, 0, 0, 0, 0, 0, 255, 255, 255, 255, 255,
       255, 255, 255, 255, 255, 0, 0, 0, 0, 0, 0, 255, 255, 255, 200,
       156, 255, 134, 255, 255, 255, 0, 0, 0, 0, 0, 0, 255, 48, 255, 255,
       143, 255, 222, 216, 0, 0, 0, 0, 0, 0, 0, 255, 16, 255, 255, 255,
       255, 134, 0, 0, 0, 0, 0, 0, 0, 0, 0, 239, 16, 255, 255, 75, 111,
       246, 0, 0, 0, 0, 0, 0, 0, 0, 0, 48, 255, 252, 255, 48, 234, 0, 0,
       0, 0, 0, 0, 0, 0, 0, 0, 0, 0, 0, 0, 55, 0, 0, 0, 0, 0, 0, 0, 0, 0,
       0, 0, 0, 0, 0, 0, 0, 0, 0, 0, 0, 0, 0, 0, 0, 0 ]
