%YAML:1.0
letter: 101
mat: !!opencv-matrix
   rows: 1
   cols: 256
   dt: u
   data: [ 0, 0, 0, 0, 0, 0, 0, 0, 0, 0, 0, 0, 0, 0, 0, 0, 0, 0, 0, 0, 0,
       0, 0, 0, 255, 0, 0, 0, 0, 0, 0, 0, 0, 0, 0, 0, 255, 0, 255, 255,
       255, 255, 255, 0, 0, 0, 0, 0, 0, 0, 0, 0, 255, 255, 255, 255, 255,
       255, 255, 255, 0, 0, 0, 0, 0, 0, 0, 78, 0, 255, 255, 255, 255,
       255, 255, 39, 0, 0, 0, 0, 0, 0, 0, 228, 255, 255, 0, 255, 255,
       255, 255, 0, 0, 0, 0, 0, 0, 0, 111, 255, 255, 255, 255, 255, 255,
       255, 255, 16, 0, 0, 0, 0, 0, 0, 45, 255, 255, 255, 255, 255, 255,
       255, 255, 255, 48, 0, 0, 0, 0, 0, 178, 255, 255, 255, 255, 255,
       255, 255, 255, 255, 255, 0, 0, 0, 0, 0, 255, 255, 255, 255, 255,
       255, 255, 255, 255, 255, 255, 0, 0, 0, 0, 0, 143, 255, 255, 255,
       0, 0, 133, 255, 255, 255, 255, 0, 0, 0, 0, 0, 255, 255, 255, 255,
       13, 207, 65, 255, 255, 255, 0, 0, 0, 0, 0, 0, 255, 255, 255, 255,
       255, 112, 255, 255, 0, 0, 0, 0, 0, 0, 0, 0, 0, 0, 255, 255, 255,
       178, 0, 0, 0, 0, 0, 0, 0, 0, 0, 0, 0, 0, 0, 0, 240, 0, 0, 0, 0, 0,
       0, 0, 0, 0, 0, 0, 0, 0, 0, 0, 0, 80, 0, 0, 0, 0, 0, 0, 0, 0 ]
