%YAML:1.0
letter: 101
mat: !!opencv-matrix
   rows: 1
   cols: 256
   dt: u
   data: [ 0, 0, 0, 0, 0, 0, 0, 0, 0, 0, 0, 0, 0, 0, 0, 0, 0, 0, 0, 0, 0,
       0, 0, 0, 0, 0, 0, 0, 0, 0, 0, 0, 0, 0, 0, 0, 0, 0, 32, 255, 255,
       28, 227, 0, 0, 0, 0, 0, 0, 0, 0, 0, 195, 255, 255, 255, 255, 159,
       255, 0, 0, 0, 0, 0, 0, 0, 0, 0, 255, 223, 255, 255, 255, 255, 255,
       0, 0, 0, 0, 0, 0, 0, 0, 255, 255, 255, 255, 32, 255, 255, 255, 0,
       0, 0, 0, 0, 0, 0, 0, 255, 255, 223, 223, 223, 255, 255, 255, 255,
       0, 0, 0, 0, 0, 0, 0, 255, 255, 255, 159, 255, 255, 255, 255, 255,
       0, 0, 0, 0, 0, 0, 0, 155, 255, 255, 96, 159, 255, 255, 255, 255,
       159, 0, 0, 0, 0, 0, 0, 255, 235, 251, 255, 255, 255, 255, 255,
       255, 0, 0, 0, 0, 0, 0, 0, 255, 255, 255, 0, 255, 255, 255, 4, 0,
       0, 0, 0, 0, 0, 0, 223, 100, 255, 115, 255, 255, 159, 255, 0, 0, 0,
       0, 0, 0, 0, 0, 151, 96, 255, 243, 255, 96, 255, 0, 0, 0, 0, 0, 0,
       0, 0, 255, 0, 235, 255, 255, 255, 0, 0, 0, 0, 139, 0, 0, 0, 0, 0,
       0, 0, 0, 0, 195, 0, 0, 0, 0, 0, 0, 0, 0, 0, 0, 0, 0, 0, 0, 0, 0,
       0, 0, 0, 0, 0, 0, 0, 0, 0, 0 ]
