%YAML:1.0
letter: 101
mat: !!opencv-matrix
   rows: 1
   cols: 256
   dt: u
   data: [ 0, 0, 0, 0, 0, 0, 0, 0, 0, 0, 0, 0, 0, 0, 0, 0, 0, 0, 0, 0, 0,
       0, 0, 0, 0, 0, 0, 0, 0, 0, 0, 0, 0, 0, 0, 0, 128, 255, 255, 255,
       255, 0, 0, 0, 0, 0, 0, 0, 0, 0, 0, 0, 255, 255, 255, 255, 255,
       255, 255, 0, 0, 0, 0, 0, 0, 0, 0, 64, 255, 128, 255, 255, 255,
       255, 255, 0, 0, 0, 0, 0, 0, 0, 0, 255, 191, 255, 255, 255, 255,
       255, 255, 0, 0, 0, 0, 0, 0, 0, 255, 255, 255, 255, 255, 255, 255,
       255, 255, 64, 0, 0, 0, 0, 0, 0, 255, 255, 255, 255, 255, 191, 255,
       255, 255, 255, 0, 0, 0, 0, 0, 0, 255, 255, 255, 255, 255, 255,
       255, 255, 255, 255, 0, 0, 0, 0, 0, 0, 191, 255, 255, 255, 255,
       128, 255, 255, 255, 255, 0, 0, 0, 0, 0, 0, 255, 255, 255, 255, 0,
       0, 128, 255, 255, 255, 0, 0, 0, 0, 0, 0, 128, 255, 255, 64, 128,
       0, 255, 255, 128, 0, 0, 0, 0, 0, 0, 0, 255, 255, 255, 255, 255,
       128, 0, 64, 0, 0, 0, 0, 0, 0, 0, 0, 0, 0, 255, 255, 255, 191, 191,
       0, 0, 0, 0, 0, 0, 0, 0, 0, 0, 0, 0, 191, 128, 128, 0, 0, 0, 0, 0,
       0, 0, 0, 0, 0, 0, 0, 0, 0, 0, 0, 0, 0, 0, 0, 0, 0, 0, 0 ]
