%YAML:1.0
letter: 101
mat: !!opencv-matrix
   rows: 1
   cols: 256
   dt: u
   data: [ 0, 0, 0, 0, 0, 0, 0, 0, 0, 0, 0, 0, 0, 0, 0, 0, 0, 0, 0, 0, 0,
       0, 0, 0, 0, 0, 0, 0, 0, 0, 0, 0, 0, 0, 0, 0, 0, 255, 255, 255,
       255, 0, 0, 0, 0, 0, 0, 0, 0, 0, 0, 0, 255, 0, 255, 255, 255, 0,
       255, 241, 0, 0, 0, 0, 0, 0, 0, 0, 255, 214, 255, 255, 255, 255,
       255, 58, 0, 0, 0, 0, 0, 0, 0, 141, 255, 255, 255, 255, 255, 255,
       255, 0, 0, 0, 0, 0, 0, 0, 255, 255, 167, 255, 72, 173, 255, 255,
       255, 255, 0, 0, 0, 0, 0, 0, 255, 255, 255, 255, 255, 255, 255,
       255, 255, 255, 0, 0, 0, 0, 0, 0, 255, 255, 255, 255, 255, 255,
       255, 255, 255, 255, 0, 0, 0, 0, 0, 0, 77, 255, 255, 255, 255, 255,
       255, 255, 255, 255, 0, 0, 0, 0, 0, 0, 0, 255, 255, 255, 0, 0, 255,
       255, 255, 255, 0, 0, 0, 0, 0, 0, 255, 255, 255, 255, 120, 8, 255,
       255, 0, 0, 0, 0, 0, 0, 0, 0, 0, 255, 255, 255, 194, 4, 255, 215,
       0, 0, 0, 0, 0, 0, 0, 0, 0, 0, 255, 255, 255, 7, 0, 0, 0, 0, 0, 0,
       0, 0, 0, 0, 0, 0, 0, 149, 255, 19, 0, 0, 0, 0, 0, 0, 0, 0, 0, 0,
       0, 0, 0, 0, 0, 231, 0, 0, 0, 0, 0, 0, 0, 0 ]
