%YAML:1.0
letter: 101
mat: !!opencv-matrix
   rows: 1
   cols: 256
   dt: u
   data: [ 0, 0, 0, 0, 0, 0, 0, 0, 0, 0, 0, 0, 0, 0, 0, 0, 0, 0, 0, 0, 0,
       0, 24, 0, 0, 0, 0, 0, 0, 0, 0, 0, 0, 0, 0, 0, 255, 199, 255, 255,
       255, 0, 0, 0, 0, 0, 0, 0, 0, 0, 0, 255, 255, 255, 255, 255, 255,
       0, 0, 0, 0, 0, 0, 0, 0, 0, 255, 255, 255, 255, 255, 255, 255, 0,
       0, 0, 0, 0, 0, 0, 0, 0, 255, 255, 255, 0, 208, 255, 255, 255, 0,
       0, 0, 0, 0, 0, 0, 0, 255, 255, 255, 174, 135, 255, 255, 255, 0, 0,
       0, 0, 0, 0, 0, 0, 255, 255, 255, 255, 120, 141, 255, 255, 255, 0,
       0, 0, 0, 0, 0, 0, 255, 255, 255, 255, 255, 141, 135, 255, 255, 0,
       0, 0, 0, 0, 0, 0, 104, 255, 0, 255, 255, 239, 255, 255, 0, 0, 0,
       0, 0, 0, 0, 0, 255, 255, 255, 255, 255, 255, 255, 0, 0, 0, 0, 0,
       0, 0, 0, 0, 255, 255, 255, 255, 255, 255, 0, 0, 0, 0, 0, 0, 0, 0,
       0, 0, 56, 255, 255, 255, 255, 87, 0, 0, 0, 0, 0, 0, 0, 0, 0, 0,
       255, 255, 255, 255, 255, 0, 0, 0, 0, 0, 0, 0, 0, 0, 0, 0, 24, 255,
       255, 255, 255, 0, 0, 0, 0, 0, 0, 0, 0, 0, 0, 0, 255, 255, 8, 255,
       119, 0, 0, 0, 0, 0, 0, 0, 0, 0 ]
