%YAML:1.0
letter: 101
mat: !!opencv-matrix
   rows: 1
   cols: 256
   dt: u
   data: [ 0, 0, 0, 0, 0, 0, 0, 0, 0, 0, 0, 0, 0, 0, 0, 0, 0, 0, 0, 0, 0,
       0, 255, 0, 0, 0, 0, 0, 0, 0, 0, 0, 0, 0, 0, 0, 255, 72, 255, 0,
       255, 0, 0, 0, 0, 0, 0, 0, 0, 0, 0, 151, 255, 255, 255, 0, 16, 0,
       0, 0, 0, 0, 0, 0, 0, 0, 17, 255, 253, 255, 255, 255, 255, 11, 0,
       0, 0, 0, 0, 0, 0, 0, 199, 232, 19, 0, 255, 255, 255, 255, 0, 0, 0,
       0, 0, 0, 0, 0, 221, 206, 132, 135, 0, 255, 255, 120, 255, 0, 0, 0,
       0, 0, 0, 0, 0, 255, 0, 255, 255, 40, 34, 255, 255, 0, 0, 0, 0, 0,
       0, 0, 0, 255, 255, 255, 255, 0, 255, 255, 255, 0, 0, 0, 0, 0, 0,
       0, 217, 255, 255, 255, 255, 120, 255, 199, 0, 0, 0, 0, 0, 0, 0, 0,
       183, 137, 255, 255, 0, 255, 255, 0, 0, 0, 0, 0, 0, 0, 0, 0, 0,
       245, 253, 255, 255, 231, 60, 0, 0, 0, 0, 0, 0, 0, 0, 0, 43, 0,
       241, 0, 104, 0, 0, 0, 0, 0, 0, 0, 0, 0, 0, 0, 0, 29, 0, 72, 0, 72,
       0, 0, 0, 0, 0, 0, 0, 0, 0, 0, 253, 0, 0, 8, 0, 0, 0, 0, 0, 0, 0,
       0, 0, 0, 0, 0, 72, 103, 0, 0, 0, 0, 0, 0, 0, 0, 0, 0, 0, 0 ]
