%YAML:1.0
letter: 101
mat: !!opencv-matrix
   rows: 1
   cols: 256
   dt: u
   data: [ 0, 0, 0, 0, 0, 0, 0, 0, 0, 0, 0, 0, 0, 0, 0, 0, 0, 0, 0, 0, 0,
       0, 0, 0, 0, 0, 0, 0, 0, 0, 0, 0, 0, 0, 0, 0, 0, 255, 255, 255,
       255, 0, 0, 0, 0, 0, 0, 0, 0, 0, 0, 213, 255, 255, 151, 255, 255,
       174, 0, 0, 0, 0, 0, 0, 0, 0, 0, 118, 255, 0, 0, 231, 215, 147, 0,
       0, 0, 0, 0, 0, 0, 0, 72, 255, 255, 255, 255, 255, 255, 255, 44, 0,
       0, 0, 0, 0, 0, 0, 38, 255, 244, 255, 0, 120, 255, 64, 255, 0, 0,
       0, 0, 0, 0, 0, 255, 255, 255, 255, 40, 40, 221, 255, 255, 0, 0, 0,
       0, 0, 0, 0, 255, 255, 255, 0, 255, 255, 255, 255, 255, 0, 0, 0, 0,
       0, 0, 0, 217, 255, 255, 135, 255, 0, 154, 255, 0, 0, 0, 0, 0, 0,
       0, 0, 0, 255, 255, 255, 255, 255, 224, 0, 0, 0, 0, 0, 0, 0, 0, 0,
       0, 118, 255, 255, 255, 255, 24, 0, 0, 0, 0, 0, 0, 0, 0, 0, 74, 0,
       255, 0, 255, 0, 0, 0, 0, 0, 0, 0, 0, 0, 0, 0, 183, 0, 0, 255, 255,
       255, 0, 0, 0, 0, 0, 0, 0, 0, 0, 0, 183, 0, 0, 0, 247, 0, 0, 0, 0,
       0, 0, 0, 0, 0, 0, 0, 25, 68, 0, 0, 167, 0, 0, 0, 0, 0, 0, 0, 0, 0 ]
