%YAML:1.0
letter: 101
mat: !!opencv-matrix
   rows: 1
   cols: 256
   dt: u
   data: [ 0, 0, 0, 0, 0, 0, 0, 0, 0, 0, 0, 0, 0, 0, 0, 0, 0, 0, 0, 0, 0,
       0, 0, 0, 0, 0, 0, 0, 0, 0, 0, 0, 0, 0, 0, 0, 0, 255, 255, 255,
       255, 0, 0, 0, 0, 0, 0, 0, 0, 0, 0, 96, 0, 255, 255, 255, 255, 0,
       0, 0, 0, 0, 0, 0, 0, 0, 0, 60, 255, 115, 255, 159, 255, 255, 0, 0,
       0, 0, 0, 0, 0, 0, 255, 171, 255, 255, 0, 255, 255, 255, 255, 0, 0,
       0, 0, 0, 0, 0, 0, 171, 235, 195, 223, 0, 0, 255, 255, 0, 0, 0, 0,
       0, 0, 0, 255, 255, 255, 235, 0, 96, 255, 255, 255, 96, 0, 0, 0, 0,
       0, 0, 243, 255, 255, 255, 255, 96, 255, 0, 255, 0, 0, 0, 0, 0, 0,
       0, 0, 255, 255, 227, 255, 223, 223, 255, 0, 0, 0, 0, 0, 0, 0, 0,
       0, 255, 255, 227, 255, 0, 223, 0, 0, 0, 0, 0, 0, 0, 0, 0, 0, 159,
       159, 20, 0, 255, 255, 0, 0, 0, 0, 0, 0, 0, 0, 0, 0, 0, 159, 159,
       96, 255, 0, 0, 0, 0, 0, 0, 0, 0, 0, 0, 0, 0, 32, 227, 255, 0, 0,
       0, 0, 0, 0, 0, 0, 0, 0, 0, 227, 0, 0, 0, 32, 0, 0, 0, 0, 0, 0, 0,
       0, 0, 0, 0, 139, 0, 0, 0, 0, 0, 0, 0, 0, 0, 0, 0, 0, 0 ]
