%YAML:1.0
letter: 101
mat: !!opencv-matrix
   rows: 1
   cols: 256
   dt: u
   data: [ 0, 0, 0, 0, 0, 0, 0, 0, 0, 0, 0, 0, 0, 0, 0, 0, 0, 0, 0, 0, 0,
       0, 0, 0, 0, 0, 0, 0, 0, 0, 0, 0, 0, 0, 0, 0, 255, 0, 255, 7, 255,
       0, 0, 0, 0, 0, 0, 0, 0, 0, 0, 0, 255, 135, 255, 169, 120, 0, 0, 0,
       0, 0, 0, 0, 0, 0, 0, 135, 255, 255, 255, 255, 255, 255, 0, 0, 0,
       0, 0, 0, 0, 0, 104, 255, 0, 0, 0, 146, 255, 255, 0, 0, 0, 0, 0, 0,
       0, 0, 255, 255, 0, 255, 6, 11, 255, 255, 255, 0, 0, 0, 0, 0, 0, 0,
       255, 255, 255, 255, 0, 0, 0, 255, 255, 0, 0, 0, 0, 0, 0, 0, 255,
       255, 72, 255, 255, 255, 255, 255, 255, 0, 0, 0, 0, 0, 0, 0, 255,
       255, 255, 255, 215, 61, 255, 255, 0, 0, 0, 0, 0, 0, 0, 0, 0, 255,
       255, 255, 255, 43, 104, 0, 0, 0, 0, 0, 0, 0, 0, 0, 0, 251, 255,
       255, 248, 71, 255, 0, 0, 0, 0, 0, 0, 0, 0, 0, 0, 64, 255, 135,
       236, 72, 0, 0, 0, 0, 0, 0, 0, 0, 0, 0, 0, 0, 231, 0, 56, 166, 0,
       0, 0, 0, 0, 0, 0, 0, 0, 0, 167, 41, 0, 255, 0, 110, 0, 0, 0, 0, 0,
       0, 0, 0, 0, 0, 0, 0, 0, 0, 0, 0, 0, 0, 0, 0, 0, 0, 0, 0 ]
