%YAML:1.0
letter: 101
mat: !!opencv-matrix
   rows: 1
   cols: 256
   dt: u
   data: [ 0, 0, 0, 0, 0, 0, 0, 0, 0, 0, 0, 0, 0, 0, 0, 0, 0, 0, 0, 0, 0,
       0, 0, 0, 0, 0, 0, 0, 0, 0, 0, 0, 0, 0, 0, 0, 171, 251, 255, 0,
       255, 0, 0, 0, 0, 0, 0, 0, 0, 0, 0, 0, 255, 115, 96, 255, 255, 255,
       0, 0, 0, 0, 0, 0, 0, 0, 223, 0, 255, 115, 0, 255, 255, 255, 0, 0,
       0, 0, 0, 0, 0, 0, 223, 0, 139, 0, 32, 223, 32, 255, 0, 0, 0, 0, 0,
       0, 0, 0, 255, 223, 0, 227, 255, 0, 255, 255, 255, 0, 0, 0, 0, 0,
       0, 0, 151, 159, 0, 20, 0, 0, 255, 255, 255, 195, 0, 0, 0, 0, 0, 0,
       235, 255, 255, 84, 0, 255, 255, 255, 255, 255, 0, 0, 0, 0, 0, 0,
       0, 243, 0, 195, 32, 255, 255, 255, 32, 0, 0, 0, 0, 0, 0, 0, 56,
       223, 115, 227, 255, 255, 0, 32, 0, 0, 0, 0, 0, 0, 0, 0, 115, 255,
       255, 171, 159, 255, 255, 96, 0, 0, 0, 0, 0, 0, 0, 0, 0, 159, 255,
       0, 0, 255, 96, 0, 0, 0, 0, 0, 0, 0, 0, 0, 0, 0, 95, 28, 0, 255, 0,
       0, 0, 0, 0, 0, 0, 0, 0, 0, 0, 115, 32, 223, 255, 0, 0, 0, 0, 0, 0,
       0, 0, 0, 0, 0, 0, 0, 36, 0, 0, 96, 0, 0, 0, 0, 0, 0, 0, 0 ]
