%YAML:1.0
letter: 101
mat: !!opencv-matrix
   rows: 1
   cols: 256
   dt: u
   data: [ 0, 0, 0, 0, 0, 0, 0, 0, 0, 0, 0, 0, 0, 0, 0, 0, 0, 0, 0, 0, 0,
       0, 0, 0, 0, 0, 0, 0, 0, 0, 0, 0, 0, 0, 0, 0, 16, 16, 255, 255,
       255, 0, 0, 0, 0, 0, 0, 0, 0, 0, 0, 0, 0, 0, 255, 255, 80, 0, 0, 0,
       0, 0, 0, 0, 0, 0, 0, 25, 255, 255, 255, 255, 255, 210, 0, 0, 0, 0,
       0, 0, 0, 0, 16, 90, 255, 0, 141, 255, 255, 255, 0, 0, 0, 0, 0, 0,
       0, 0, 248, 156, 143, 112, 0, 112, 255, 255, 255, 0, 0, 0, 0, 0, 0,
       0, 242, 255, 255, 255, 111, 0, 255, 255, 255, 0, 0, 0, 0, 0, 0, 0,
       48, 157, 255, 0, 137, 255, 255, 228, 255, 0, 0, 0, 0, 0, 0, 0,
       141, 255, 255, 255, 255, 255, 255, 255, 0, 0, 0, 0, 0, 0, 0, 0,
       239, 255, 255, 255, 9, 255, 255, 0, 0, 0, 0, 0, 0, 0, 0, 0, 239,
       55, 255, 0, 143, 255, 255, 0, 0, 0, 0, 0, 0, 0, 0, 0, 0, 0, 80, 0,
       255, 80, 0, 0, 0, 0, 0, 0, 0, 0, 0, 0, 0, 164, 0, 16, 0, 255, 0,
       0, 0, 0, 0, 0, 0, 0, 0, 0, 0, 0, 0, 255, 0, 0, 0, 0, 0, 0, 0, 0,
       0, 0, 0, 0, 242, 0, 0, 0, 91, 0, 0, 0, 0, 0, 0, 0, 0, 0 ]
