%YAML:1.0
letter: 101
mat: !!opencv-matrix
   rows: 1
   cols: 256
   dt: u
   data: [ 0, 0, 0, 0, 0, 0, 0, 0, 0, 0, 0, 0, 0, 0, 0, 0, 0, 0, 0, 0, 0,
       0, 0, 0, 0, 0, 0, 0, 0, 0, 0, 0, 0, 0, 0, 0, 128, 76, 255, 255,
       255, 255, 0, 0, 0, 0, 0, 0, 0, 0, 0, 60, 255, 0, 255, 255, 255,
       255, 0, 0, 0, 0, 0, 0, 0, 0, 0, 255, 255, 255, 255, 255, 255, 255,
       0, 0, 0, 0, 0, 0, 0, 0, 0, 255, 255, 255, 255, 255, 255, 255, 0,
       0, 0, 0, 0, 0, 0, 0, 0, 255, 255, 255, 255, 255, 255, 255, 255, 0,
       0, 0, 0, 0, 0, 0, 255, 255, 255, 255, 255, 255, 255, 255, 255, 0,
       0, 0, 0, 0, 0, 0, 255, 255, 255, 255, 255, 255, 255, 255, 255, 0,
       0, 0, 0, 0, 0, 0, 0, 255, 255, 255, 255, 255, 255, 255, 0, 0, 0,
       0, 0, 0, 0, 0, 0, 255, 255, 255, 255, 255, 255, 0, 0, 0, 0, 0, 0,
       0, 0, 0, 0, 128, 255, 255, 255, 255, 0, 0, 0, 0, 0, 0, 0, 0, 0, 0,
       128, 255, 255, 255, 147, 0, 0, 0, 0, 0, 0, 0, 0, 0, 0, 0, 0, 255,
       0, 255, 147, 0, 0, 0, 0, 0, 0, 0, 0, 0, 0, 0, 255, 195, 0, 255,
       215, 0, 0, 0, 0, 0, 0, 0, 0, 0, 0, 0, 255, 128, 0, 255, 0, 0, 0,
       0, 0, 0, 0, 0, 0, 0 ]
