%YAML:1.0
letter: 101
mat: !!opencv-matrix
   rows: 1
   cols: 256
   dt: u
   data: [ 0, 0, 0, 0, 0, 0, 0, 0, 0, 0, 0, 0, 0, 0, 0, 0, 0, 0, 0, 0, 0,
       0, 0, 255, 0, 0, 0, 0, 0, 0, 0, 0, 0, 0, 0, 0, 0, 255, 64, 255,
       255, 255, 0, 0, 0, 0, 0, 0, 0, 0, 0, 255, 255, 255, 64, 255, 0,
       255, 64, 0, 0, 0, 0, 0, 0, 0, 0, 255, 255, 255, 255, 255, 255,
       255, 0, 0, 0, 0, 0, 0, 0, 0, 255, 255, 255, 255, 255, 255, 255,
       255, 255, 0, 0, 0, 0, 0, 0, 0, 255, 255, 255, 255, 255, 255, 255,
       255, 255, 0, 0, 0, 0, 0, 0, 0, 255, 255, 255, 255, 255, 255, 255,
       255, 255, 0, 0, 0, 0, 0, 0, 0, 82, 255, 255, 255, 255, 255, 255,
       255, 255, 255, 0, 0, 0, 0, 0, 0, 255, 255, 255, 255, 255, 255,
       255, 255, 255, 0, 0, 0, 0, 0, 0, 0, 255, 255, 255, 255, 255, 255,
       255, 255, 0, 0, 0, 0, 0, 0, 0, 0, 255, 255, 255, 255, 191, 255,
       255, 0, 0, 0, 0, 0, 0, 0, 0, 0, 161, 255, 255, 255, 255, 255, 161,
       0, 0, 0, 0, 0, 0, 0, 0, 0, 6, 255, 255, 255, 249, 0, 0, 0, 0, 0,
       0, 0, 0, 0, 0, 0, 191, 255, 199, 0, 149, 199, 0, 0, 0, 0, 0, 0, 0,
       0, 0, 0, 191, 255, 0, 255, 255, 0, 0, 0, 0, 0, 0, 0, 0, 0 ]
