%YAML:1.0
letter: 101
mat: !!opencv-matrix
   rows: 1
   cols: 256
   dt: u
   data: [ 0, 0, 0, 0, 0, 0, 0, 0, 0, 0, 0, 0, 0, 0, 0, 0, 0, 0, 0, 0, 0,
       0, 0, 0, 0, 0, 0, 0, 0, 0, 0, 0, 0, 0, 0, 0, 255, 255, 255, 96,
       112, 0, 0, 0, 0, 0, 0, 0, 0, 0, 0, 159, 255, 255, 255, 0, 96, 0,
       0, 0, 0, 0, 0, 0, 0, 0, 0, 255, 207, 255, 191, 255, 255, 255, 0,
       0, 0, 0, 0, 0, 0, 0, 255, 207, 48, 0, 191, 207, 255, 255, 191, 0,
       0, 0, 0, 0, 0, 0, 0, 255, 207, 0, 0, 239, 159, 255, 255, 0, 0, 0,
       0, 0, 0, 0, 255, 255, 112, 0, 0, 48, 255, 255, 255, 48, 0, 0, 0,
       0, 0, 0, 255, 255, 255, 191, 64, 255, 207, 255, 255, 0, 0, 0, 0,
       0, 0, 0, 191, 255, 255, 255, 255, 239, 255, 255, 0, 0, 0, 0, 0, 0,
       0, 0, 0, 255, 255, 255, 191, 255, 255, 0, 0, 0, 0, 0, 0, 0, 0, 0,
       0, 255, 255, 255, 255, 239, 191, 0, 0, 0, 0, 0, 0, 0, 0, 0, 64,
       255, 0, 64, 255, 255, 0, 0, 0, 0, 0, 0, 0, 0, 0, 0, 64, 0, 0, 255,
       255, 0, 0, 0, 0, 0, 0, 0, 0, 0, 0, 0, 255, 0, 64, 255, 0, 0, 0, 0,
       0, 0, 0, 0, 0, 0, 0, 0, 0, 0, 0, 0, 64, 0, 0, 0, 0, 0, 0, 0, 0, 0 ]
