%YAML:1.0
letter: 101
mat: !!opencv-matrix
   rows: 1
   cols: 256
   dt: u
   data: [ 0, 0, 0, 0, 0, 0, 0, 0, 0, 0, 0, 0, 0, 0, 0, 0, 0, 0, 0, 0, 0,
       0, 0, 0, 0, 0, 0, 0, 0, 0, 0, 0, 0, 0, 0, 0, 0, 159, 255, 255,
       255, 112, 0, 0, 0, 0, 0, 0, 0, 0, 0, 0, 0, 207, 255, 0, 255, 16,
       0, 0, 0, 0, 0, 0, 0, 0, 0, 255, 255, 255, 255, 64, 255, 239, 255,
       0, 0, 0, 0, 0, 0, 0, 207, 255, 255, 255, 48, 255, 255, 255, 207,
       0, 0, 0, 0, 0, 0, 0, 255, 255, 191, 16, 207, 0, 64, 191, 255, 255,
       0, 0, 0, 0, 0, 0, 239, 255, 255, 239, 143, 0, 0, 255, 255, 255, 0,
       0, 0, 0, 0, 0, 48, 255, 255, 255, 112, 255, 255, 255, 207, 0, 0,
       0, 0, 0, 0, 0, 0, 255, 255, 255, 255, 255, 255, 96, 0, 0, 0, 0, 0,
       0, 0, 0, 0, 255, 255, 255, 255, 255, 255, 255, 0, 0, 0, 0, 0, 0,
       0, 0, 0, 255, 255, 16, 255, 64, 255, 0, 0, 0, 0, 0, 0, 0, 0, 0, 0,
       0, 255, 0, 239, 255, 0, 0, 0, 0, 0, 0, 0, 0, 0, 0, 112, 0, 0, 255,
       255, 0, 0, 0, 0, 0, 0, 0, 0, 0, 0, 0, 48, 255, 0, 16, 48, 0, 0, 0,
       0, 0, 0, 0, 0, 0, 0, 0, 48, 0, 0, 0, 0, 0, 0, 0, 0, 0, 0, 0, 0, 0 ]
