%YAML:1.0
letter: 101
mat: !!opencv-matrix
   rows: 1
   cols: 256
   dt: u
   data: [ 0, 0, 0, 0, 0, 0, 0, 0, 0, 0, 0, 0, 0, 0, 0, 0, 0, 0, 0, 0, 0,
       0, 0, 0, 0, 0, 0, 0, 0, 0, 0, 0, 0, 0, 0, 0, 236, 229, 255, 0,
       255, 0, 0, 0, 0, 0, 0, 0, 0, 0, 0, 132, 255, 244, 248, 255, 255,
       255, 0, 0, 0, 0, 0, 0, 0, 0, 236, 56, 255, 215, 51, 255, 255, 255,
       0, 0, 0, 0, 0, 0, 0, 0, 14, 0, 56, 215, 40, 247, 255, 255, 0, 0,
       0, 0, 0, 0, 0, 0, 255, 24, 51, 255, 255, 0, 0, 255, 255, 0, 0, 0,
       0, 0, 0, 0, 250, 183, 54, 0, 0, 0, 0, 255, 255, 0, 0, 0, 0, 0, 0,
       0, 255, 77, 249, 46, 0, 0, 255, 255, 255, 0, 0, 0, 0, 0, 0, 0, 16,
       231, 255, 0, 255, 255, 0, 255, 255, 0, 0, 0, 0, 0, 0, 0, 255, 11,
       199, 255, 231, 46, 255, 255, 0, 0, 0, 0, 0, 0, 0, 0, 37, 255, 255,
       255, 186, 0, 255, 0, 0, 0, 0, 0, 0, 0, 0, 0, 0, 123, 40, 0, 0, 75,
       183, 0, 0, 0, 0, 0, 0, 0, 0, 0, 0, 47, 68, 215, 0, 252, 0, 0, 0,
       0, 0, 0, 0, 0, 0, 0, 0, 0, 0, 104, 0, 0, 0, 0, 0, 0, 0, 0, 0, 0,
       0, 0, 0, 38, 0, 133, 0, 0, 0, 0, 0, 0, 0, 0, 0, 0 ]
