%YAML:1.0
letter: 101
mat: !!opencv-matrix
   rows: 1
   cols: 256
   dt: u
   data: [ 0, 0, 0, 0, 0, 0, 0, 0, 0, 0, 0, 0, 0, 0, 0, 0, 0, 0, 0, 0, 0,
       0, 0, 0, 0, 0, 0, 0, 0, 0, 0, 0, 0, 0, 0, 0, 0, 207, 255, 255,
       255, 0, 0, 0, 0, 0, 0, 0, 0, 0, 0, 255, 0, 255, 255, 255, 239, 0,
       0, 0, 0, 0, 0, 0, 0, 0, 0, 240, 255, 255, 255, 255, 255, 255, 255,
       0, 0, 0, 0, 0, 0, 0, 48, 255, 48, 255, 0, 255, 48, 255, 48, 0, 0,
       0, 0, 0, 0, 0, 240, 180, 255, 0, 0, 0, 0, 0, 255, 255, 0, 0, 0, 0,
       0, 0, 228, 255, 255, 112, 255, 0, 255, 255, 255, 255, 0, 0, 0, 0,
       0, 0, 207, 255, 255, 255, 255, 255, 255, 255, 255, 0, 0, 0, 0, 0,
       0, 0, 0, 255, 255, 255, 255, 255, 0, 255, 0, 0, 0, 0, 0, 0, 0, 0,
       0, 255, 255, 255, 255, 255, 255, 0, 0, 0, 0, 0, 0, 0, 0, 0, 0,
       255, 16, 239, 255, 255, 255, 0, 0, 0, 0, 0, 0, 0, 0, 0, 0, 0, 16,
       0, 255, 0, 0, 0, 0, 0, 0, 0, 0, 0, 0, 0, 0, 13, 0, 255, 255, 0, 0,
       0, 0, 0, 0, 0, 0, 0, 0, 0, 207, 11, 0, 255, 0, 0, 0, 0, 0, 0, 0,
       0, 0, 0, 0, 0, 0, 16, 0, 0, 0, 0, 0, 0, 0, 0, 0, 0, 0, 0 ]
