%YAML:1.0
letter: 101
mat: !!opencv-matrix
   rows: 1
   cols: 256
   dt: u
   data: [ 0, 0, 0, 0, 0, 0, 0, 0, 0, 0, 0, 0, 0, 0, 0, 0, 0, 0, 0, 0, 0,
       0, 0, 0, 0, 0, 0, 0, 0, 0, 0, 0, 0, 0, 0, 0, 223, 32, 195, 255,
       255, 0, 0, 0, 0, 0, 0, 0, 0, 0, 0, 0, 0, 255, 255, 120, 255, 223,
       0, 0, 0, 0, 0, 0, 0, 0, 0, 255, 255, 255, 32, 255, 219, 243, 0, 0,
       0, 0, 0, 0, 0, 0, 255, 32, 255, 255, 0, 20, 255, 255, 255, 0, 0,
       0, 0, 0, 0, 0, 0, 0, 255, 223, 28, 20, 255, 255, 255, 0, 0, 0, 0,
       0, 0, 0, 255, 255, 159, 255, 0, 0, 195, 255, 255, 255, 0, 0, 0, 0,
       0, 0, 159, 255, 255, 255, 255, 195, 255, 255, 255, 0, 0, 0, 0, 0,
       0, 0, 0, 0, 255, 255, 255, 243, 255, 255, 0, 0, 0, 0, 0, 0, 0, 0,
       0, 255, 255, 255, 28, 255, 84, 223, 0, 0, 0, 0, 0, 0, 0, 0, 0,
       159, 255, 255, 255, 255, 0, 0, 0, 0, 0, 0, 0, 0, 0, 0, 0, 255,
       159, 0, 115, 96, 0, 0, 0, 0, 0, 0, 0, 0, 0, 0, 0, 255, 223, 0, 32,
       20, 0, 0, 0, 0, 0, 0, 0, 0, 0, 0, 0, 0, 0, 223, 0, 84, 0, 0, 0, 0,
       0, 0, 0, 0, 0, 0, 0, 0, 0, 0, 0, 0, 0, 0, 0, 0, 0, 0, 0, 0 ]
