%YAML:1.0
letter: 101
mat: !!opencv-matrix
   rows: 1
   cols: 256
   dt: u
   data: [ 0, 0, 0, 0, 0, 0, 0, 0, 0, 0, 0, 0, 0, 0, 0, 0, 0, 0, 0, 0, 0,
       0, 255, 0, 0, 0, 0, 0, 0, 0, 0, 0, 0, 0, 0, 0, 255, 255, 255, 255,
       255, 0, 0, 0, 0, 0, 0, 0, 0, 0, 0, 255, 255, 255, 255, 56, 255, 0,
       0, 0, 0, 0, 0, 0, 0, 0, 249, 255, 255, 255, 255, 255, 255, 255, 0,
       0, 0, 0, 0, 0, 0, 0, 255, 255, 255, 255, 255, 255, 255, 255, 0, 0,
       0, 0, 0, 0, 0, 0, 255, 255, 255, 151, 104, 151, 255, 255, 255, 0,
       0, 0, 0, 0, 0, 0, 255, 255, 255, 135, 255, 255, 255, 255, 255, 0,
       0, 0, 0, 0, 0, 0, 255, 255, 255, 255, 255, 255, 255, 255, 191, 0,
       0, 0, 0, 0, 0, 0, 255, 255, 255, 255, 255, 255, 255, 255, 0, 0, 0,
       0, 0, 0, 0, 0, 255, 255, 255, 255, 255, 255, 255, 0, 0, 0, 0, 0,
       0, 0, 0, 0, 249, 255, 255, 255, 255, 255, 0, 0, 0, 0, 0, 0, 0, 0,
       0, 0, 199, 255, 255, 255, 255, 255, 0, 0, 0, 0, 0, 0, 0, 0, 0, 0,
       248, 255, 255, 255, 255, 40, 0, 0, 0, 0, 0, 0, 0, 0, 0, 0, 254,
       255, 255, 255, 255, 0, 0, 0, 0, 0, 0, 0, 0, 0, 0, 0, 255, 255,
       255, 255, 255, 0, 0, 0, 0, 0, 0, 0, 0, 0 ]
