%YAML:1.0
letter: 101
mat: !!opencv-matrix
   rows: 1
   cols: 256
   dt: u
   data: [ 0, 0, 0, 0, 0, 0, 0, 0, 0, 0, 0, 0, 0, 0, 0, 0, 0, 0, 0, 0, 0,
       0, 255, 0, 0, 0, 0, 0, 0, 0, 0, 0, 0, 0, 0, 0, 255, 255, 255, 231,
       255, 0, 0, 0, 0, 0, 0, 0, 0, 0, 0, 255, 78, 255, 255, 24, 255, 0,
       0, 0, 0, 0, 0, 0, 0, 0, 255, 255, 0, 255, 255, 255, 255, 8, 0, 0,
       0, 0, 0, 0, 0, 0, 255, 104, 255, 0, 0, 255, 255, 255, 0, 0, 0, 0,
       0, 0, 0, 0, 255, 255, 255, 234, 255, 255, 255, 255, 255, 0, 0, 0,
       0, 0, 0, 0, 255, 255, 255, 124, 203, 89, 255, 255, 255, 0, 0, 0,
       0, 0, 0, 0, 255, 255, 255, 255, 255, 255, 255, 255, 255, 0, 0, 0,
       0, 0, 0, 0, 255, 255, 255, 255, 255, 255, 255, 255, 0, 0, 0, 0, 0,
       0, 0, 0, 255, 255, 255, 255, 255, 255, 255, 0, 0, 0, 0, 0, 104, 0,
       0, 0, 0, 255, 255, 255, 255, 255, 0, 0, 0, 0, 0, 0, 0, 0, 0, 0,
       255, 255, 255, 255, 255, 255, 0, 0, 0, 0, 0, 0, 0, 0, 0, 0, 24,
       255, 255, 255, 255, 231, 0, 0, 0, 0, 0, 0, 0, 0, 0, 0, 88, 255,
       255, 255, 255, 0, 0, 0, 0, 0, 0, 0, 0, 0, 0, 0, 255, 255, 150,
       255, 255, 0, 0, 0, 0, 0, 0, 0, 0, 0 ]
