%YAML:1.0
letter: 101
mat: !!opencv-matrix
   rows: 1
   cols: 256
   dt: u
   data: [ 0, 0, 0, 0, 0, 0, 0, 0, 0, 0, 0, 0, 0, 0, 0, 0, 0, 0, 0, 0, 0,
       0, 0, 0, 0, 0, 0, 0, 0, 0, 0, 0, 0, 0, 0, 0, 137, 0, 255, 0, 255,
       0, 0, 0, 0, 0, 0, 0, 0, 0, 0, 0, 246, 91, 242, 0, 255, 255, 0, 0,
       0, 0, 0, 0, 0, 0, 0, 255, 255, 255, 3, 255, 255, 255, 0, 0, 0, 0,
       0, 0, 0, 0, 112, 0, 255, 0, 246, 255, 255, 255, 0, 0, 0, 0, 0, 0,
       0, 0, 255, 255, 255, 0, 255, 16, 255, 255, 255, 0, 0, 0, 0, 0, 0,
       0, 0, 0, 0, 0, 0, 0, 0, 11, 255, 255, 0, 0, 0, 0, 0, 0, 255, 80,
       112, 255, 239, 80, 255, 255, 210, 255, 0, 0, 0, 0, 0, 0, 255, 239,
       255, 255, 0, 239, 16, 255, 150, 0, 0, 0, 0, 0, 0, 0, 255, 255,
       138, 192, 255, 255, 112, 112, 0, 0, 0, 0, 0, 0, 0, 0, 0, 255, 216,
       207, 252, 48, 255, 197, 0, 0, 0, 0, 0, 0, 0, 0, 0, 207, 168, 0, 0,
       207, 0, 0, 0, 0, 0, 0, 0, 0, 0, 0, 0, 255, 0, 0, 7, 255, 255, 0,
       0, 0, 0, 0, 0, 0, 0, 0, 0, 0, 61, 9, 15, 0, 0, 0, 0, 0, 0, 0, 0,
       0, 0, 0, 0, 0, 0, 0, 0, 0, 0, 0, 0, 0, 0, 0, 0, 0 ]
