%YAML:1.0
letter: 102
mat: !!opencv-matrix
   rows: 1
   cols: 256
   dt: u
   data: [ 0, 0, 254, 255, 0, 247, 0, 0, 0, 0, 0, 0, 0, 0, 0, 0, 0, 0,
       40, 255, 0, 255, 0, 0, 0, 0, 0, 0, 0, 0, 0, 0, 255, 0, 0, 0, 0,
       215, 0, 0, 0, 0, 0, 0, 0, 0, 0, 0, 8, 255, 40, 255, 0, 199, 0, 0,
       0, 0, 0, 0, 0, 0, 0, 0, 0, 255, 0, 255, 0, 255, 0, 183, 0, 0, 0,
       0, 0, 0, 0, 0, 0, 255, 74, 88, 255, 255, 255, 88, 255, 0, 0, 0, 0,
       0, 0, 0, 0, 255, 255, 255, 255, 255, 255, 255, 184, 0, 0, 0, 0, 0,
       0, 0, 0, 255, 255, 255, 255, 135, 255, 255, 255, 255, 0, 0, 0, 0,
       0, 0, 0, 0, 236, 255, 255, 255, 184, 255, 191, 255, 0, 0, 0, 0, 0,
       0, 0, 0, 167, 255, 255, 255, 165, 151, 119, 104, 0, 0, 0, 0, 0, 0,
       0, 0, 255, 255, 255, 255, 255, 255, 255, 0, 0, 0, 0, 0, 0, 0, 0,
       0, 255, 255, 255, 255, 255, 0, 0, 0, 0, 0, 0, 0, 0, 0, 0, 0, 224,
       255, 255, 255, 0, 0, 0, 0, 0, 0, 0, 0, 0, 0, 0, 215, 255, 215,
       183, 0, 16, 0, 0, 0, 0, 0, 0, 0, 0, 0, 0, 24, 255, 0, 190, 231, 0,
       0, 0, 0, 0, 0, 0, 0, 0, 0, 0, 255, 255, 0, 183, 0, 0, 0, 0, 0, 0,
       0, 0, 0, 0, 0 ]
