%YAML:1.0
letter: 102
mat: !!opencv-matrix
   rows: 1
   cols: 256
   dt: u
   data: [ 0, 0, 0, 0, 255, 255, 0, 0, 0, 0, 0, 0, 0, 0, 0, 0, 0, 0, 247,
       255, 255, 255, 0, 0, 0, 0, 0, 0, 0, 0, 0, 0, 147, 255, 247, 255,
       93, 255, 0, 0, 0, 0, 0, 0, 0, 0, 0, 0, 0, 255, 0, 255, 74, 255, 0,
       0, 0, 0, 0, 0, 0, 0, 0, 0, 0, 255, 85, 255, 255, 255, 0, 0, 0, 0,
       0, 0, 0, 0, 0, 0, 0, 255, 0, 255, 0, 255, 255, 255, 0, 0, 0, 0, 0,
       0, 0, 0, 0, 255, 0, 255, 255, 255, 255, 255, 0, 0, 0, 0, 0, 0, 0,
       0, 0, 255, 255, 255, 255, 255, 255, 255, 0, 0, 0, 0, 0, 0, 0, 0,
       0, 255, 255, 255, 255, 255, 255, 255, 0, 0, 0, 0, 0, 0, 0, 0, 0,
       255, 255, 255, 255, 255, 255, 255, 0, 0, 0, 0, 0, 0, 0, 0, 151,
       255, 255, 255, 0, 255, 255, 255, 0, 0, 0, 0, 0, 0, 0, 0, 52, 255,
       255, 0, 255, 255, 255, 0, 0, 0, 0, 0, 0, 0, 0, 0, 128, 255, 255,
       0, 255, 255, 255, 0, 0, 0, 0, 0, 0, 0, 0, 0, 0, 255, 255, 8, 255,
       255, 249, 0, 0, 0, 0, 0, 0, 0, 0, 0, 0, 0, 255, 255, 255, 255, 0,
       0, 0, 0, 0, 0, 0, 0, 0, 0, 0, 0, 0, 0, 0, 200, 0, 0, 0, 0, 0, 0,
       0, 0, 0, 0 ]
