%YAML:1.0
letter: 102
mat: !!opencv-matrix
   rows: 1
   cols: 256
   dt: u
   data: [ 0, 0, 0, 0, 255, 0, 255, 255, 0, 0, 0, 0, 0, 0, 0, 0, 0, 0,
       255, 0, 255, 0, 255, 255, 0, 0, 0, 0, 0, 0, 0, 0, 0, 0, 255, 0,
       255, 0, 255, 0, 0, 0, 0, 0, 0, 0, 0, 0, 0, 0, 255, 0, 255, 0, 255,
       0, 0, 0, 0, 0, 0, 0, 0, 0, 0, 0, 255, 239, 255, 0, 255, 0, 0, 0,
       0, 0, 0, 0, 0, 0, 0, 0, 255, 239, 255, 87, 255, 0, 255, 0, 0, 0,
       0, 0, 0, 0, 0, 0, 255, 255, 255, 255, 255, 255, 255, 0, 0, 0, 0,
       0, 0, 0, 0, 0, 255, 255, 255, 255, 255, 255, 255, 0, 0, 0, 0, 0,
       0, 0, 0, 255, 255, 255, 255, 255, 255, 255, 255, 0, 0, 0, 0, 0, 0,
       0, 0, 0, 255, 255, 255, 255, 255, 255, 255, 0, 0, 0, 0, 0, 0, 0,
       0, 255, 255, 255, 255, 255, 255, 255, 255, 0, 0, 0, 0, 0, 0, 0, 0,
       255, 255, 255, 255, 255, 255, 255, 0, 0, 0, 0, 0, 0, 0, 0, 0, 255,
       255, 255, 0, 255, 255, 0, 0, 0, 0, 0, 0, 0, 0, 0, 0, 207, 255, 16,
       0, 255, 255, 0, 0, 0, 0, 0, 0, 0, 0, 0, 0, 0, 0, 255, 0, 175, 0,
       0, 0, 0, 0, 0, 0, 0, 0, 0, 0, 0, 0, 0, 0, 255, 0, 0, 0, 0, 0, 0,
       0, 0, 0, 0 ]
