%YAML:1.0
letter: 102
mat: !!opencv-matrix
   rows: 1
   cols: 256
   dt: u
   data: [ 0, 0, 255, 0, 79, 48, 0, 0, 0, 0, 0, 0, 0, 0, 0, 0, 0, 0, 255,
       0, 0, 150, 0, 0, 0, 0, 0, 0, 0, 0, 0, 0, 255, 0, 0, 255, 0, 255,
       0, 0, 0, 0, 0, 0, 0, 0, 0, 0, 255, 0, 255, 255, 0, 255, 0, 0, 0,
       0, 0, 0, 0, 0, 0, 0, 0, 255, 0, 255, 0, 255, 255, 255, 0, 0, 0, 0,
       0, 0, 0, 0, 0, 255, 0, 255, 255, 31, 239, 210, 0, 0, 0, 0, 0, 0,
       0, 0, 0, 255, 255, 255, 255, 255, 255, 255, 0, 0, 0, 0, 0, 0, 0,
       0, 0, 91, 255, 48, 255, 210, 255, 216, 0, 0, 0, 0, 0, 0, 0, 0, 0,
       111, 255, 255, 0, 255, 255, 255, 0, 0, 0, 0, 0, 0, 0, 0, 0, 255,
       255, 255, 121, 255, 255, 0, 0, 0, 0, 0, 0, 0, 0, 0, 0, 141, 255,
       255, 255, 255, 255, 0, 0, 0, 0, 0, 0, 0, 0, 0, 0, 0, 255, 255,
       200, 5, 255, 0, 0, 0, 0, 55, 0, 0, 0, 0, 0, 0, 255, 255, 255, 239,
       0, 0, 0, 0, 0, 0, 0, 0, 0, 0, 0, 0, 255, 255, 255, 0, 0, 0, 0, 0,
       0, 0, 0, 0, 0, 0, 0, 174, 255, 112, 0, 105, 0, 0, 0, 0, 0, 0, 0,
       0, 0, 0, 0, 0, 48, 255, 0, 0, 0, 0, 0, 0, 0, 0, 0, 0, 0, 0 ]
