%YAML:1.0
letter: 102
mat: !!opencv-matrix
   rows: 1
   cols: 256
   dt: u
   data: [ 0, 0, 255, 0, 0, 79, 0, 0, 0, 0, 0, 0, 0, 0, 0, 0, 0, 0, 255,
       143, 0, 255, 0, 0, 0, 0, 0, 0, 0, 0, 0, 0, 255, 0, 255, 0, 255,
       200, 0, 0, 0, 0, 0, 0, 0, 0, 0, 0, 255, 228, 255, 255, 255, 255,
       0, 0, 0, 0, 0, 0, 0, 0, 0, 0, 0, 255, 112, 255, 255, 255, 0, 255,
       248, 0, 0, 0, 0, 0, 0, 0, 0, 112, 0, 111, 255, 255, 255, 255, 90,
       0, 0, 0, 0, 0, 0, 0, 0, 48, 255, 255, 48, 255, 255, 0, 0, 255, 0,
       0, 0, 0, 0, 0, 0, 48, 255, 255, 255, 180, 255, 0, 0, 255, 175, 0,
       0, 0, 0, 0, 0, 0, 255, 255, 255, 255, 255, 255, 255, 255, 0, 0, 0,
       0, 0, 0, 0, 0, 255, 255, 255, 255, 255, 255, 255, 0, 0, 0, 117, 0,
       0, 0, 0, 0, 255, 255, 255, 175, 255, 255, 255, 0, 0, 0, 0, 0, 0,
       0, 0, 0, 255, 255, 255, 210, 255, 255, 0, 0, 0, 0, 0, 0, 0, 0, 0,
       0, 255, 255, 112, 255, 143, 0, 0, 0, 0, 0, 0, 0, 0, 0, 0, 48, 255,
       255, 0, 0, 255, 0, 0, 0, 0, 0, 0, 0, 0, 0, 0, 255, 0, 228, 0, 65,
       0, 0, 0, 0, 0, 0, 0, 0, 0, 0, 0, 48, 255, 246, 0, 250, 0, 0, 0, 0,
       0, 0, 0, 0, 0, 0 ]
