%YAML:1.0
letter: 102
mat: !!opencv-matrix
   rows: 1
   cols: 256
   dt: u
   data: [ 0, 0, 255, 0, 255, 45, 0, 0, 0, 0, 0, 0, 0, 0, 0, 0, 0, 0,
       255, 0, 255, 239, 0, 0, 0, 0, 0, 0, 0, 0, 0, 0, 255, 0, 255, 0,
       175, 255, 0, 0, 0, 0, 0, 0, 0, 0, 0, 0, 255, 0, 255, 255, 255,
       239, 0, 0, 0, 0, 0, 0, 0, 0, 0, 0, 0, 255, 0, 255, 200, 255, 80,
       240, 0, 0, 0, 0, 0, 0, 0, 0, 0, 255, 0, 255, 255, 255, 255, 255,
       0, 0, 0, 0, 0, 0, 0, 0, 0, 255, 112, 255, 255, 255, 255, 228, 0,
       0, 0, 0, 0, 0, 0, 0, 0, 255, 255, 255, 112, 255, 255, 255, 0, 0,
       0, 0, 0, 0, 0, 0, 0, 255, 255, 255, 190, 255, 255, 255, 255, 0, 0,
       0, 0, 0, 0, 0, 0, 255, 255, 255, 80, 255, 255, 255, 0, 0, 0, 0, 0,
       0, 0, 0, 0, 0, 255, 255, 255, 255, 255, 210, 0, 0, 0, 0, 0, 0, 0,
       0, 0, 0, 255, 255, 255, 255, 175, 0, 0, 0, 11, 0, 0, 0, 0, 0, 0,
       45, 255, 255, 200, 16, 255, 0, 0, 0, 0, 0, 0, 0, 0, 0, 0, 143,
       255, 16, 180, 0, 0, 0, 0, 0, 0, 0, 0, 0, 0, 0, 0, 255, 255, 143,
       77, 0, 0, 0, 0, 0, 0, 0, 0, 0, 0, 0, 48, 255, 255, 207, 0, 0, 0,
       0, 0, 0, 0, 0, 0, 0, 0, 0 ]
