%YAML:1.0
letter: 102
mat: !!opencv-matrix
   rows: 1
   cols: 256
   dt: u
   data: [ 0, 0, 0, 255, 255, 0, 0, 0, 0, 0, 0, 0, 0, 0, 0, 0, 0, 0, 0,
       255, 255, 103, 0, 0, 0, 0, 0, 0, 0, 0, 0, 0, 0, 255, 0, 255, 255,
       255, 0, 0, 0, 0, 0, 0, 0, 0, 0, 0, 0, 208, 24, 255, 255, 255, 0,
       0, 0, 0, 0, 0, 0, 0, 0, 0, 0, 0, 255, 247, 255, 255, 247, 255, 0,
       0, 0, 0, 0, 0, 0, 0, 0, 0, 255, 151, 255, 255, 255, 255, 0, 0, 0,
       0, 0, 0, 0, 0, 0, 0, 255, 255, 255, 255, 255, 255, 0, 0, 0, 0, 0,
       0, 0, 0, 0, 0, 255, 255, 255, 255, 255, 255, 183, 0, 0, 0, 0, 0,
       0, 0, 0, 88, 255, 255, 255, 146, 255, 255, 0, 0, 0, 0, 0, 0, 0, 0,
       0, 215, 255, 255, 8, 255, 255, 255, 0, 0, 0, 0, 0, 0, 0, 0, 0,
       187, 255, 151, 255, 255, 255, 0, 0, 0, 0, 0, 0, 0, 0, 0, 0, 255,
       255, 255, 8, 105, 0, 0, 0, 0, 0, 0, 0, 0, 0, 0, 0, 167, 255, 255,
       255, 255, 0, 0, 0, 0, 0, 0, 0, 0, 0, 0, 0, 239, 253, 255, 24, 0,
       0, 0, 0, 0, 0, 0, 0, 0, 0, 0, 0, 255, 175, 255, 0, 0, 0, 0, 0, 0,
       0, 0, 0, 0, 0, 0, 0, 0, 181, 199, 0, 0, 0, 0, 0, 0, 0, 0, 0, 0, 0,
       0 ]
