%YAML:1.0
letter: 102
mat: !!opencv-matrix
   rows: 1
   cols: 256
   dt: u
   data: [ 0, 0, 0, 0, 105, 48, 255, 0, 0, 0, 0, 0, 0, 0, 0, 0, 0, 0, 0,
       0, 75, 48, 255, 0, 0, 0, 0, 0, 0, 0, 0, 0, 0, 0, 48, 207, 255, 0,
       255, 0, 0, 0, 0, 0, 0, 0, 0, 0, 0, 0, 255, 0, 255, 0, 255, 0, 0,
       0, 0, 0, 0, 0, 0, 0, 0, 0, 255, 0, 255, 207, 255, 0, 0, 0, 0, 0,
       0, 0, 0, 0, 0, 0, 255, 255, 255, 255, 255, 255, 255, 0, 0, 0, 0,
       0, 0, 0, 0, 0, 255, 255, 255, 255, 255, 255, 0, 0, 0, 0, 0, 0, 0,
       0, 0, 0, 255, 255, 255, 255, 255, 255, 255, 0, 0, 0, 0, 0, 0, 255,
       0, 0, 255, 255, 255, 255, 255, 255, 0, 0, 0, 0, 0, 0, 0, 255, 0,
       0, 255, 255, 255, 255, 255, 255, 0, 0, 0, 0, 0, 0, 0, 255, 0, 0,
       255, 255, 255, 255, 255, 0, 0, 0, 0, 0, 0, 0, 15, 255, 0, 16, 255,
       255, 255, 255, 0, 0, 0, 0, 0, 0, 0, 255, 5, 255, 0, 0, 255, 255,
       255, 255, 0, 0, 0, 0, 0, 0, 0, 255, 90, 255, 0, 255, 255, 255,
       255, 0, 0, 0, 0, 0, 0, 0, 0, 0, 222, 255, 0, 0, 255, 255, 16, 0,
       0, 0, 0, 0, 0, 0, 0, 0, 0, 255, 0, 0, 0, 0, 0, 0, 0, 0, 0, 0, 0,
       0, 0, 0, 0, 255 ]
