%YAML:1.0
letter: 102
mat: !!opencv-matrix
   rows: 1
   cols: 256
   dt: u
   data: [ 0, 0, 0, 0, 149, 120, 0, 255, 0, 0, 0, 0, 0, 0, 0, 0, 0, 0, 0,
       0, 255, 0, 0, 255, 0, 0, 0, 0, 0, 0, 0, 0, 0, 0, 255, 0, 255, 0,
       255, 162, 0, 0, 0, 0, 0, 0, 0, 0, 0, 0, 255, 0, 255, 0, 255, 0, 0,
       0, 0, 0, 0, 0, 0, 0, 0, 0, 255, 0, 255, 0, 255, 0, 0, 0, 0, 0, 0,
       0, 0, 0, 0, 0, 255, 255, 255, 255, 255, 255, 255, 0, 0, 0, 0, 0,
       0, 0, 0, 0, 255, 255, 255, 255, 255, 255, 255, 0, 0, 0, 0, 0, 0,
       0, 0, 0, 255, 255, 255, 255, 255, 255, 255, 0, 0, 0, 0, 0, 154,
       255, 0, 0, 255, 255, 255, 255, 255, 255, 0, 0, 0, 0, 0, 0, 0, 255,
       0, 0, 255, 255, 255, 255, 255, 255, 0, 0, 0, 0, 0, 0, 0, 255, 0,
       0, 255, 255, 255, 255, 255, 0, 0, 0, 0, 0, 0, 0, 0, 255, 0, 0,
       255, 255, 255, 255, 255, 0, 0, 0, 0, 0, 0, 167, 0, 255, 0, 0, 255,
       255, 255, 255, 0, 0, 0, 0, 0, 0, 0, 167, 117, 255, 0, 255, 255,
       255, 255, 0, 0, 0, 0, 0, 0, 0, 0, 0, 103, 255, 0, 0, 255, 255,
       255, 0, 0, 0, 0, 0, 0, 0, 0, 0, 0, 255, 0, 0, 0, 0, 0, 0, 0, 0, 0,
       0, 0, 0, 0, 0, 0, 0 ]
