%YAML:1.0
letter: 102
mat: !!opencv-matrix
   rows: 1
   cols: 256
   dt: u
   data: [ 0, 0, 0, 0, 0, 0, 0, 0, 0, 0, 0, 0, 0, 0, 0, 255, 0, 0, 0, 0,
       255, 0, 255, 0, 0, 0, 0, 0, 0, 0, 0, 255, 0, 0, 32, 0, 255, 0,
       255, 0, 0, 0, 0, 0, 0, 0, 0, 255, 0, 0, 32, 0, 255, 255, 255, 0,
       0, 0, 0, 0, 0, 0, 0, 255, 0, 0, 32, 0, 255, 255, 0, 0, 0, 0, 0, 0,
       0, 0, 0, 255, 0, 0, 0, 255, 255, 255, 255, 255, 0, 32, 0, 0, 0, 0,
       0, 0, 0, 0, 255, 255, 255, 255, 255, 223, 255, 0, 0, 0, 0, 0, 0,
       0, 0, 0, 255, 255, 255, 255, 255, 0, 255, 0, 0, 0, 0, 0, 0, 0, 0,
       0, 255, 255, 255, 255, 255, 255, 255, 0, 0, 0, 0, 0, 0, 0, 0, 0,
       255, 255, 255, 255, 255, 255, 0, 0, 0, 0, 0, 0, 0, 32, 0, 0, 255,
       255, 255, 32, 255, 0, 0, 0, 0, 0, 0, 0, 0, 255, 0, 0, 139, 219,
       219, 12, 0, 0, 0, 0, 0, 0, 0, 0, 0, 159, 0, 0, 84, 36, 255, 0, 0,
       0, 0, 0, 0, 0, 0, 0, 0, 96, 0, 0, 28, 115, 12, 0, 0, 0, 0, 0, 0,
       0, 0, 0, 0, 255, 0, 0, 195, 255, 0, 0, 0, 0, 0, 0, 0, 0, 0, 0, 0,
       255, 0, 0, 255, 0, 0, 0, 0, 0, 0, 0, 0, 0, 0, 0, 0, 195 ]
