%YAML:1.0
letter: 102
mat: !!opencv-matrix
   rows: 1
   cols: 256
   dt: u
   data: [ 0, 0, 0, 249, 0, 0, 147, 255, 0, 0, 0, 0, 0, 0, 0, 0, 0, 0, 0,
       250, 7, 0, 255, 242, 0, 0, 0, 0, 0, 0, 0, 0, 0, 255, 0, 246, 61,
       0, 255, 0, 0, 0, 0, 0, 0, 0, 0, 0, 0, 255, 0, 255, 255, 0, 255, 0,
       0, 0, 0, 0, 0, 0, 0, 0, 0, 255, 0, 255, 255, 0, 255, 0, 0, 0, 0,
       0, 0, 0, 0, 0, 0, 255, 255, 255, 255, 167, 255, 255, 255, 0, 0, 0,
       0, 0, 0, 0, 0, 0, 255, 255, 255, 255, 255, 255, 135, 0, 0, 0, 0,
       0, 0, 0, 0, 0, 255, 255, 255, 255, 255, 255, 135, 0, 0, 0, 0, 0,
       0, 0, 0, 231, 255, 255, 255, 255, 255, 255, 255, 0, 0, 0, 0, 0, 0,
       0, 0, 255, 255, 255, 255, 255, 255, 255, 0, 0, 0, 0, 0, 0, 0, 0,
       0, 255, 255, 255, 255, 197, 255, 255, 0, 0, 0, 0, 0, 0, 0, 0, 0,
       255, 255, 255, 0, 255, 255, 0, 0, 0, 0, 0, 0, 0, 0, 0, 0, 255,
       255, 255, 0, 255, 255, 0, 0, 0, 0, 0, 0, 0, 0, 0, 0, 255, 255,
       255, 255, 229, 0, 0, 0, 0, 0, 0, 0, 0, 0, 0, 0, 0, 0, 255, 255,
       160, 0, 0, 0, 0, 0, 0, 0, 0, 0, 0, 0, 0, 0, 0, 0, 93, 0, 0, 0, 0,
       0, 0, 0, 0, 0, 0 ]
