%YAML:1.0
letter: 102
mat: !!opencv-matrix
   rows: 1
   cols: 256
   dt: u
   data: [ 0, 0, 0, 255, 0, 255, 0, 0, 0, 0, 0, 0, 0, 0, 0, 0, 255, 0, 0,
       255, 0, 255, 0, 0, 0, 0, 0, 0, 0, 0, 0, 0, 255, 162, 0, 255, 0,
       255, 0, 0, 0, 0, 0, 0, 0, 0, 255, 175, 0, 255, 0, 255, 0, 255, 0,
       0, 0, 0, 0, 0, 0, 0, 135, 255, 0, 255, 0, 255, 0, 255, 0, 0, 0, 0,
       0, 0, 0, 0, 0, 255, 0, 255, 118, 255, 255, 255, 0, 255, 255, 0, 0,
       0, 0, 0, 0, 0, 0, 255, 255, 255, 255, 255, 255, 255, 87, 0, 0, 0,
       0, 0, 0, 0, 0, 255, 255, 255, 255, 255, 255, 0, 255, 255, 0, 0, 0,
       0, 0, 0, 0, 255, 251, 255, 255, 255, 255, 0, 255, 255, 0, 0, 0, 0,
       0, 0, 0, 255, 255, 255, 255, 255, 255, 255, 255, 0, 0, 0, 0, 0, 0,
       0, 0, 255, 255, 255, 255, 255, 255, 255, 255, 0, 0, 0, 0, 0, 0, 0,
       0, 255, 255, 255, 255, 255, 3, 255, 0, 0, 0, 0, 0, 0, 0, 0, 0,
       255, 255, 231, 255, 255, 255, 0, 0, 0, 0, 0, 0, 0, 0, 0, 0, 255,
       255, 255, 255, 255, 0, 0, 0, 0, 0, 0, 0, 0, 0, 0, 0, 255, 255,
       255, 255, 72, 0, 0, 0, 0, 0, 0, 0, 0, 0, 0, 239, 255, 255, 255, 6,
       0, 0, 0, 0, 0, 0, 0, 0, 0, 0, 0 ]
