%YAML:1.0
letter: 102
mat: !!opencv-matrix
   rows: 1
   cols: 256
   dt: u
   data: [ 0, 0, 0, 255, 0, 0, 255, 0, 0, 0, 0, 0, 0, 0, 0, 0, 255, 0, 0,
       255, 0, 103, 255, 0, 0, 0, 0, 0, 0, 0, 0, 0, 0, 255, 0, 255, 0,
       255, 255, 0, 0, 0, 0, 0, 0, 0, 255, 0, 0, 255, 0, 255, 0, 255,
       255, 0, 0, 0, 0, 0, 0, 0, 255, 56, 0, 255, 0, 255, 3, 255, 0, 0,
       0, 0, 0, 0, 0, 0, 0, 255, 0, 255, 96, 255, 255, 255, 0, 255, 255,
       0, 0, 0, 0, 0, 0, 0, 0, 136, 255, 255, 255, 255, 255, 255, 255, 0,
       0, 0, 0, 0, 0, 0, 0, 0, 255, 255, 255, 255, 255, 255, 255, 255, 0,
       0, 0, 0, 0, 0, 0, 0, 255, 255, 255, 255, 255, 0, 255, 255, 0, 0,
       0, 0, 0, 0, 0, 167, 255, 255, 255, 255, 255, 255, 255, 0, 0, 0, 0,
       0, 0, 0, 0, 228, 255, 255, 255, 255, 255, 255, 255, 0, 0, 0, 0, 0,
       0, 0, 0, 255, 255, 255, 255, 255, 255, 255, 0, 0, 0, 0, 0, 0, 0,
       0, 0, 167, 255, 255, 4, 255, 255, 0, 0, 0, 0, 0, 0, 0, 0, 0, 0,
       52, 255, 255, 255, 255, 0, 0, 0, 0, 0, 0, 0, 0, 0, 0, 0, 167, 255,
       255, 255, 132, 0, 0, 0, 0, 0, 0, 0, 0, 0, 0, 0, 98, 38, 16, 255,
       0, 0, 0, 0, 0, 0, 0, 0, 0, 0, 0 ]
