%YAML:1.0
letter: 102
mat: !!opencv-matrix
   rows: 1
   cols: 256
   dt: u
   data: [ 0, 0, 255, 255, 0, 255, 0, 0, 0, 0, 0, 0, 0, 0, 0, 0, 0, 0, 0,
       255, 0, 255, 0, 0, 0, 0, 0, 0, 0, 0, 0, 0, 0, 0, 0, 255, 0, 255,
       0, 0, 0, 0, 0, 0, 0, 0, 0, 0, 255, 0, 0, 255, 0, 255, 0, 0, 0, 0,
       0, 0, 0, 0, 0, 0, 0, 239, 0, 255, 0, 255, 0, 120, 255, 0, 0, 0, 0,
       0, 0, 0, 0, 255, 0, 255, 48, 255, 0, 255, 255, 255, 0, 0, 0, 0, 0,
       0, 0, 80, 255, 255, 255, 255, 255, 255, 0, 255, 15, 0, 0, 0, 0, 0,
       0, 0, 255, 255, 255, 255, 255, 255, 0, 255, 255, 0, 0, 0, 0, 0, 0,
       0, 255, 255, 255, 234, 255, 174, 63, 255, 255, 0, 0, 0, 0, 0, 0,
       0, 175, 255, 255, 255, 255, 255, 255, 255, 0, 0, 0, 0, 0, 0, 0, 0,
       207, 255, 255, 255, 190, 255, 0, 255, 0, 0, 0, 0, 0, 0, 0, 0, 16,
       255, 255, 45, 255, 9, 9, 0, 0, 0, 0, 0, 0, 0, 0, 0, 255, 239, 255,
       48, 5, 0, 0, 0, 0, 0, 0, 0, 0, 0, 0, 0, 255, 255, 255, 48, 0, 143,
       0, 0, 0, 0, 0, 0, 0, 0, 0, 0, 255, 175, 75, 15, 55, 99, 0, 0, 0,
       0, 0, 0, 0, 0, 0, 0, 112, 0, 0, 143, 0, 0, 0, 0, 0, 0, 0, 0, 0, 0 ]
