%YAML:1.0
letter: 102
mat: !!opencv-matrix
   rows: 1
   cols: 256
   dt: u
   data: [ 0, 0, 0, 255, 0, 255, 0, 0, 0, 0, 0, 0, 0, 0, 0, 0, 40, 0, 0,
       255, 0, 255, 0, 0, 0, 0, 0, 0, 0, 0, 0, 0, 40, 255, 0, 255, 0,
       255, 0, 0, 0, 0, 0, 0, 0, 0, 0, 255, 0, 255, 0, 255, 0, 255, 0, 0,
       0, 0, 0, 0, 0, 0, 0, 255, 0, 255, 0, 255, 255, 255, 0, 255, 0, 0,
       0, 0, 0, 0, 0, 143, 0, 255, 255, 255, 255, 255, 8, 255, 255, 0, 0,
       0, 0, 0, 0, 0, 0, 255, 255, 255, 255, 255, 255, 255, 255, 0, 0, 0,
       0, 0, 0, 0, 0, 255, 255, 255, 255, 255, 255, 0, 255, 255, 0, 0, 0,
       0, 0, 0, 0, 255, 255, 255, 255, 255, 255, 0, 255, 255, 0, 0, 0, 0,
       0, 0, 0, 255, 255, 255, 255, 255, 255, 255, 255, 0, 0, 0, 0, 0, 0,
       0, 0, 255, 255, 255, 255, 255, 255, 255, 255, 0, 0, 0, 0, 0, 0, 0,
       0, 255, 255, 255, 255, 255, 255, 255, 0, 0, 0, 0, 0, 0, 0, 0, 0,
       255, 255, 255, 255, 255, 255, 0, 0, 0, 0, 0, 0, 0, 0, 0, 0, 255,
       255, 255, 255, 255, 0, 0, 0, 0, 0, 0, 0, 0, 0, 0, 0, 207, 255,
       250, 255, 255, 0, 0, 0, 0, 0, 0, 0, 0, 0, 0, 0, 255, 255, 240,
       255, 0, 0, 0, 0, 0, 0, 0, 0, 0, 0, 0 ]
