%YAML:1.0
letter: 102
mat: !!opencv-matrix
   rows: 1
   cols: 256
   dt: u
   data: [ 0, 0, 0, 0, 255, 0, 255, 0, 0, 0, 0, 0, 0, 0, 0, 0, 0, 0, 0,
       0, 255, 0, 255, 0, 0, 0, 0, 0, 0, 0, 0, 0, 0, 112, 0, 0, 255, 0,
       255, 0, 0, 0, 0, 0, 0, 0, 0, 0, 0, 56, 247, 0, 255, 0, 255, 0, 0,
       0, 0, 0, 0, 0, 0, 0, 0, 0, 255, 0, 255, 255, 255, 24, 0, 0, 0, 0,
       0, 0, 0, 0, 0, 0, 255, 0, 255, 255, 255, 255, 56, 0, 0, 0, 0, 0,
       0, 0, 0, 0, 255, 255, 255, 255, 255, 255, 0, 0, 0, 0, 0, 0, 0, 0,
       0, 0, 255, 255, 255, 255, 255, 255, 255, 72, 0, 0, 0, 0, 0, 0, 0,
       0, 255, 255, 255, 255, 255, 255, 255, 0, 0, 0, 0, 0, 0, 0, 0, 56,
       255, 255, 255, 255, 255, 255, 255, 0, 0, 0, 0, 0, 0, 0, 0, 56,
       255, 255, 255, 255, 0, 255, 0, 0, 0, 0, 0, 0, 0, 0, 0, 0, 255,
       255, 231, 255, 255, 0, 0, 0, 0, 0, 0, 0, 0, 0, 0, 0, 255, 255,
       255, 0, 151, 0, 0, 0, 0, 0, 0, 0, 0, 0, 0, 40, 255, 255, 255, 183,
       0, 0, 0, 0, 0, 0, 0, 0, 0, 0, 0, 0, 255, 0, 0, 255, 0, 0, 0, 0, 0,
       0, 0, 0, 0, 0, 0, 255, 85, 0, 0, 0, 0, 0, 0, 0, 0, 0, 0, 0, 0, 0 ]
