%YAML:1.0
letter: 102
mat: !!opencv-matrix
   rows: 1
   cols: 256
   dt: u
   data: [ 0, 0, 0, 0, 0, 255, 0, 255, 0, 0, 0, 0, 0, 0, 0, 0, 0, 0, 0,
       0, 0, 255, 0, 255, 239, 0, 0, 0, 0, 0, 0, 0, 0, 0, 0, 255, 0, 255,
       0, 255, 239, 0, 0, 0, 0, 0, 0, 0, 0, 0, 0, 255, 0, 255, 255, 255,
       255, 0, 0, 0, 0, 0, 0, 0, 0, 0, 0, 255, 0, 255, 255, 255, 255, 0,
       99, 0, 0, 0, 0, 0, 0, 0, 0, 35, 255, 200, 255, 255, 244, 255, 255,
       0, 0, 0, 0, 0, 0, 0, 0, 0, 255, 255, 255, 255, 255, 255, 255, 0,
       0, 0, 0, 0, 0, 0, 0, 0, 255, 255, 255, 255, 255, 255, 255, 255, 0,
       0, 0, 0, 0, 0, 0, 0, 255, 255, 255, 255, 255, 255, 255, 0, 0, 0,
       0, 0, 0, 0, 0, 0, 48, 255, 255, 255, 255, 255, 255, 0, 0, 0, 0, 0,
       0, 0, 0, 0, 255, 255, 255, 255, 255, 255, 121, 0, 0, 0, 0, 0, 0,
       0, 0, 0, 255, 255, 255, 255, 7, 143, 0, 0, 0, 0, 0, 0, 0, 0, 0, 0,
       255, 255, 255, 120, 246, 112, 0, 0, 0, 0, 0, 0, 0, 0, 0, 0, 175,
       255, 80, 250, 255, 0, 0, 0, 0, 0, 0, 0, 0, 0, 0, 0, 0, 0, 48, 242,
       45, 0, 0, 0, 0, 0, 0, 0, 0, 0, 0, 0, 0, 0, 0, 0, 0, 0, 0, 0, 0, 0,
       0, 0 ]
