%YAML:1.0
letter: 102
mat: !!opencv-matrix
   rows: 1
   cols: 256
   dt: u
   data: [ 0, 0, 0, 0, 0, 255, 0, 0, 255, 0, 0, 0, 0, 0, 0, 0, 0, 0, 0,
       0, 0, 255, 0, 0, 255, 0, 0, 0, 0, 0, 0, 0, 0, 0, 0, 255, 0, 255,
       0, 255, 255, 0, 0, 0, 0, 0, 0, 0, 0, 0, 0, 255, 0, 255, 0, 255,
       40, 0, 0, 0, 0, 0, 0, 0, 0, 0, 0, 255, 0, 255, 255, 255, 40, 0, 0,
       0, 0, 0, 0, 0, 0, 0, 0, 137, 255, 255, 255, 255, 0, 255, 255, 0,
       0, 0, 0, 0, 0, 0, 0, 0, 255, 255, 255, 255, 234, 255, 255, 0, 0,
       0, 0, 0, 0, 0, 0, 0, 255, 255, 255, 255, 255, 255, 255, 255, 0, 0,
       0, 0, 0, 0, 0, 0, 255, 255, 255, 255, 255, 255, 255, 255, 0, 0, 0,
       0, 0, 0, 0, 0, 255, 255, 255, 255, 255, 255, 255, 0, 0, 0, 0, 0,
       0, 0, 0, 0, 255, 255, 255, 255, 255, 255, 243, 0, 0, 0, 0, 0, 0,
       0, 0, 0, 255, 255, 255, 255, 255, 119, 0, 0, 0, 0, 0, 0, 0, 0, 0,
       0, 255, 255, 255, 255, 255, 0, 0, 0, 0, 0, 0, 0, 0, 0, 0, 180,
       190, 183, 255, 183, 100, 0, 0, 0, 0, 0, 0, 0, 0, 0, 0, 0, 0, 0,
       247, 0, 0, 0, 0, 0, 0, 0, 0, 0, 0, 0, 0, 0, 0, 0, 0, 0, 0, 0, 0,
       0, 0, 0, 0, 0 ]
