%YAML:1.0
letter: 102
mat: !!opencv-matrix
   rows: 1
   cols: 256
   dt: u
   data: [ 0, 0, 0, 0, 0, 255, 0, 0, 255, 0, 0, 0, 0, 0, 0, 0, 0, 0, 0,
       176, 0, 255, 0, 183, 255, 0, 0, 0, 0, 0, 0, 0, 0, 0, 0, 255, 0,
       255, 0, 255, 255, 0, 0, 0, 0, 0, 0, 0, 0, 0, 0, 255, 0, 255, 0,
       255, 255, 0, 0, 0, 0, 0, 0, 0, 0, 0, 0, 255, 0, 255, 215, 255,
       255, 0, 255, 0, 0, 0, 0, 0, 0, 0, 0, 174, 255, 255, 255, 255, 0,
       255, 255, 0, 0, 0, 0, 0, 0, 0, 0, 119, 255, 255, 255, 255, 255,
       215, 255, 216, 0, 0, 0, 0, 0, 0, 0, 255, 255, 255, 255, 255, 255,
       255, 103, 255, 0, 0, 0, 0, 0, 0, 0, 119, 255, 255, 255, 255, 255,
       255, 255, 255, 0, 0, 0, 0, 0, 0, 0, 255, 255, 255, 255, 255, 255,
       255, 255, 255, 0, 0, 0, 0, 0, 0, 0, 255, 255, 255, 255, 255, 255,
       255, 255, 0, 0, 0, 0, 0, 0, 0, 0, 251, 255, 255, 255, 255, 255, 0,
       0, 0, 0, 0, 0, 0, 0, 0, 0, 183, 255, 255, 154, 255, 255, 0, 0, 0,
       0, 0, 0, 0, 0, 0, 0, 255, 255, 24, 60, 71, 255, 0, 0, 0, 0, 0, 0,
       0, 0, 0, 0, 0, 88, 255, 100, 0, 0, 0, 0, 0, 0, 0, 0, 0, 0, 0, 0,
       0, 0, 0, 215, 0, 0, 0, 0, 0, 0, 0, 0, 0 ]
