%YAML:1.0
letter: 102
mat: !!opencv-matrix
   rows: 1
   cols: 256
   dt: u
   data: [ 0, 0, 239, 0, 255, 103, 0, 0, 0, 0, 0, 0, 0, 0, 0, 255, 8, 0,
       255, 255, 247, 255, 0, 0, 0, 0, 0, 0, 0, 0, 0, 255, 255, 0, 231,
       255, 255, 255, 0, 0, 0, 0, 0, 0, 0, 0, 0, 199, 255, 203, 231, 255,
       255, 255, 0, 0, 0, 0, 0, 0, 0, 151, 0, 232, 0, 255, 0, 255, 255,
       255, 0, 255, 0, 0, 0, 0, 0, 0, 0, 255, 0, 255, 255, 255, 255, 255,
       255, 255, 0, 0, 0, 0, 0, 0, 0, 211, 0, 255, 255, 255, 255, 255,
       255, 255, 0, 0, 0, 0, 0, 0, 0, 225, 0, 255, 255, 255, 255, 255,
       255, 255, 255, 0, 0, 0, 0, 0, 0, 56, 0, 255, 255, 255, 255, 255,
       255, 255, 255, 0, 0, 0, 0, 0, 0, 0, 0, 255, 255, 255, 255, 255,
       255, 255, 0, 0, 0, 0, 0, 0, 0, 0, 0, 255, 255, 255, 255, 255, 255,
       255, 0, 0, 0, 0, 0, 0, 0, 0, 0, 239, 255, 255, 255, 255, 255, 0,
       0, 0, 0, 0, 0, 0, 0, 181, 0, 255, 255, 255, 255, 255, 0, 0, 0, 0,
       0, 0, 0, 0, 0, 0, 0, 192, 255, 255, 255, 255, 0, 0, 0, 0, 0, 0, 0,
       0, 0, 0, 0, 255, 255, 255, 255, 103, 0, 0, 0, 0, 0, 0, 0, 0, 0, 0,
       0, 255, 255, 255, 255, 0, 0, 0, 0, 0, 0, 0, 0, 0, 0, 0 ]
