%YAML:1.0
letter: 102
mat: !!opencv-matrix
   rows: 1
   cols: 256
   dt: u
   data: [ 0, 0, 255, 0, 217, 0, 0, 0, 0, 0, 0, 0, 0, 0, 0, 0, 8, 0, 255,
       255, 183, 255, 0, 0, 0, 0, 0, 0, 0, 0, 0, 0, 5, 0, 255, 255, 183,
       255, 0, 0, 0, 0, 0, 0, 0, 0, 0, 255, 255, 0, 255, 255, 255, 255,
       0, 0, 0, 0, 0, 0, 0, 0, 0, 183, 255, 255, 0, 255, 72, 255, 0, 255,
       0, 0, 0, 0, 0, 0, 0, 0, 0, 255, 0, 255, 255, 255, 0, 255, 255, 0,
       0, 0, 0, 0, 0, 0, 0, 255, 255, 255, 255, 255, 255, 255, 0, 0, 0,
       0, 0, 0, 0, 0, 0, 255, 255, 255, 255, 255, 255, 255, 251, 0, 0, 0,
       0, 0, 0, 0, 0, 255, 255, 255, 255, 255, 255, 255, 255, 255, 0, 0,
       0, 0, 0, 0, 0, 255, 255, 255, 255, 255, 255, 255, 255, 0, 0, 0, 0,
       0, 0, 0, 0, 255, 255, 255, 255, 255, 255, 255, 255, 0, 0, 0, 0, 0,
       0, 0, 0, 255, 255, 255, 255, 255, 255, 56, 0, 0, 0, 0, 0, 0, 0, 0,
       0, 255, 255, 255, 255, 255, 255, 0, 0, 0, 0, 0, 0, 0, 0, 0, 0,
       167, 255, 255, 255, 255, 255, 0, 0, 0, 0, 0, 0, 0, 0, 0, 0, 151,
       255, 255, 255, 255, 0, 0, 0, 0, 0, 0, 0, 0, 0, 0, 0, 120, 255,
       255, 255, 255, 0, 0, 0, 0, 0, 0, 0, 0, 0, 0 ]
