%YAML:1.0
letter: 102
mat: !!opencv-matrix
   rows: 1
   cols: 256
   dt: u
   data: [ 0, 0, 0, 0, 0, 128, 255, 0, 0, 0, 0, 0, 0, 0, 0, 0, 0, 0, 0,
       255, 0, 128, 255, 0, 0, 0, 0, 0, 0, 0, 0, 0, 128, 0, 0, 255, 0,
       255, 128, 0, 0, 0, 0, 0, 0, 0, 0, 0, 0, 128, 0, 255, 128, 255,
       255, 0, 0, 0, 0, 0, 0, 0, 0, 0, 0, 0, 0, 255, 255, 255, 255, 0,
       128, 0, 0, 0, 0, 0, 0, 0, 0, 255, 128, 255, 255, 255, 0, 0, 255,
       255, 0, 0, 0, 0, 0, 0, 0, 128, 255, 255, 255, 255, 128, 128, 255,
       0, 0, 0, 0, 0, 0, 0, 0, 0, 128, 255, 255, 255, 255, 255, 255, 0,
       0, 0, 0, 0, 0, 0, 0, 0, 255, 255, 255, 255, 128, 255, 0, 255, 255,
       0, 0, 0, 0, 0, 0, 0, 255, 255, 128, 0, 255, 128, 128, 255, 0, 0,
       0, 0, 0, 0, 0, 0, 255, 255, 128, 0, 255, 255, 0, 255, 0, 0, 0, 0,
       0, 0, 0, 0, 128, 255, 128, 128, 255, 0, 128, 0, 0, 0, 0, 0, 0, 0,
       0, 0, 128, 255, 128, 128, 0, 0, 0, 0, 0, 0, 0, 0, 0, 0, 0, 0, 128,
       255, 255, 0, 0, 0, 0, 0, 0, 0, 0, 0, 0, 0, 0, 0, 128, 0, 0, 0, 0,
       0, 0, 0, 0, 0, 0, 0, 0, 0, 0, 0, 0, 0, 0, 255, 0, 0, 0, 0, 0, 0,
       0, 0, 0, 0 ]
