%YAML:1.0
letter: 102
mat: !!opencv-matrix
   rows: 1
   cols: 256
   dt: u
   data: [ 0, 0, 32, 0, 255, 135, 0, 0, 0, 0, 0, 0, 0, 0, 0, 0, 0, 0,
       159, 159, 200, 255, 0, 0, 0, 0, 0, 0, 0, 0, 0, 0, 255, 0, 0, 159,
       255, 51, 0, 0, 0, 0, 0, 0, 0, 0, 0, 0, 0, 255, 0, 255, 255, 255,
       0, 0, 0, 0, 0, 0, 0, 0, 0, 0, 0, 255, 0, 255, 77, 136, 72, 0, 0,
       0, 0, 0, 0, 0, 0, 0, 0, 96, 255, 255, 255, 255, 255, 0, 0, 0, 0,
       0, 0, 0, 0, 0, 0, 0, 255, 255, 255, 51, 255, 255, 255, 0, 0, 0, 0,
       0, 0, 0, 0, 255, 255, 255, 255, 32, 192, 255, 0, 0, 0, 0, 0, 0, 0,
       0, 0, 32, 255, 255, 178, 150, 192, 255, 0, 0, 0, 0, 0, 0, 0, 0, 0,
       255, 255, 255, 255, 125, 255, 255, 0, 0, 0, 0, 0, 0, 0, 0, 0, 159,
       255, 255, 192, 255, 255, 0, 0, 0, 0, 0, 0, 0, 0, 0, 0, 255, 255,
       220, 255, 255, 255, 0, 0, 0, 0, 0, 0, 0, 0, 0, 0, 0, 255, 255,
       255, 255, 0, 0, 0, 0, 0, 0, 0, 0, 0, 0, 0, 0, 255, 255, 255, 255,
       0, 0, 0, 0, 0, 0, 0, 0, 0, 0, 0, 255, 255, 255, 255, 210, 0, 0, 0,
       0, 0, 0, 0, 0, 0, 0, 0, 223, 255, 255, 255, 0, 0, 0, 0, 0, 0, 0,
       0, 0, 0, 0 ]
