%YAML:1.0
letter: 102
mat: !!opencv-matrix
   rows: 1
   cols: 256
   dt: u
   data: [ 0, 0, 0, 0, 255, 0, 255, 0, 0, 0, 0, 0, 0, 0, 0, 0, 0, 0, 0,
       0, 255, 0, 255, 0, 0, 0, 0, 0, 0, 0, 0, 0, 0, 151, 87, 0, 255, 0,
       255, 0, 0, 0, 0, 0, 0, 0, 0, 255, 0, 0, 255, 183, 255, 215, 255,
       0, 0, 0, 0, 0, 0, 0, 0, 0, 0, 0, 255, 183, 255, 255, 255, 0, 0, 0,
       0, 0, 0, 0, 0, 0, 0, 0, 255, 183, 255, 255, 0, 255, 255, 0, 0, 0,
       0, 0, 0, 0, 0, 0, 255, 255, 255, 255, 255, 255, 0, 0, 0, 0, 0, 0,
       0, 0, 0, 0, 255, 255, 255, 255, 255, 255, 255, 255, 0, 0, 0, 0, 0,
       0, 0, 0, 255, 255, 255, 255, 255, 255, 255, 0, 0, 0, 0, 0, 0, 0,
       0, 0, 255, 255, 255, 255, 255, 255, 255, 0, 0, 0, 0, 0, 0, 0, 0,
       151, 255, 255, 81, 255, 24, 248, 0, 0, 0, 0, 0, 0, 0, 0, 0, 0,
       255, 255, 255, 255, 255, 0, 0, 0, 0, 0, 0, 0, 0, 0, 0, 0, 255,
       255, 180, 255, 255, 0, 0, 0, 0, 0, 0, 0, 0, 0, 0, 242, 255, 255,
       255, 193, 0, 0, 0, 0, 0, 0, 0, 0, 0, 0, 0, 255, 255, 255, 56, 223,
       0, 0, 0, 0, 0, 0, 0, 0, 0, 0, 0, 255, 88, 0, 0, 0, 0, 0, 0, 0, 0,
       0, 0, 0, 0, 0 ]
