%YAML:1.0
letter: 102
mat: !!opencv-matrix
   rows: 1
   cols: 256
   dt: u
   data: [ 0, 0, 255, 0, 255, 94, 0, 0, 0, 0, 0, 0, 0, 0, 0, 0, 255, 0,
       255, 199, 255, 255, 0, 0, 0, 0, 0, 0, 0, 0, 0, 0, 207, 0, 255,
       255, 255, 255, 0, 0, 0, 0, 0, 0, 0, 0, 0, 0, 255, 0, 255, 255,
       255, 255, 0, 0, 0, 0, 0, 0, 0, 0, 0, 0, 255, 38, 255, 255, 255,
       255, 0, 255, 0, 0, 0, 0, 0, 0, 0, 0, 0, 255, 48, 255, 255, 255,
       255, 255, 207, 0, 0, 0, 0, 0, 0, 0, 0, 255, 255, 255, 255, 255,
       255, 255, 255, 0, 0, 0, 0, 0, 0, 0, 0, 255, 255, 255, 255, 255,
       255, 135, 255, 255, 0, 0, 0, 0, 0, 0, 0, 255, 255, 255, 255, 255,
       255, 135, 112, 255, 0, 0, 0, 0, 0, 0, 0, 255, 255, 255, 255, 255,
       255, 255, 255, 0, 0, 0, 0, 0, 0, 0, 0, 255, 255, 255, 255, 255,
       255, 119, 255, 0, 0, 0, 0, 0, 0, 0, 0, 38, 255, 255, 255, 255,
       255, 255, 0, 0, 0, 0, 0, 0, 0, 0, 0, 0, 255, 255, 255, 255, 255,
       0, 0, 0, 0, 0, 0, 0, 0, 0, 0, 19, 255, 255, 255, 87, 255, 0, 0, 0,
       0, 0, 0, 0, 0, 0, 0, 255, 255, 255, 255, 255, 0, 0, 0, 0, 0, 0, 0,
       0, 0, 0, 0, 255, 255, 255, 255, 255, 0, 0, 0, 0, 0, 0, 0, 0, 0, 0 ]
